1000
500
248 887 216
836 428 748
990 870 117
20 213 392
551 52 116
846 879 51
357 664 713
928 581 724
287 220 607
615 24 627
365 972 307
679 31 961
293 235 77
431 177 342
786 97 388
243 748 572
931 231 641
123 561 205
221 418 109
648 505 381
418 290 75
812 708 158
210 273 309
959 277 40
971 241 878
535 101 207
746 264 266
846 705 103
782 907 857
385 48 974
285 591 454
912 393 369
879 308 376
144 158 850
254 419 675
241 688 216
562 789 708
379 637 40
681 533 280
39 850 425
835 547 782
394 637 844
666 614 315
860 125 896
384 693 927
813 275 929
436 588 938
51 742 981
20 651 365
874 934 313
174 749 104
878 479 292
54 999 455
515 711 843
0 584 977
871 554 406
475 206 414
708 576 322
145 384 712
845 600 415
757 392 613
560 45 44
131 433 145
521 623 370
121 657 900
329 894 63
710 175 777
444 704 372
253 719 252
283 784 472
546 962 17
591 87 504
301 353 633
141 788 675
241 203 570
351 560 20
470 735 457
193 202 249
636 525 144
679 921 106
20 568 868
563 442 613
557 893 559
384 402 370
908 641 734
633 693 556
929 63 715
863 662 205
123 529 409
154 557 227
738 111 994
214 23 195
644 983 834
481 530 567
919 897 106
57 722 66
889 526 867
557 662 122
982 134 669
469 544 741
672 163 341
361 91 177
69 546 878
185 194 447
241 123 778
604 444 779
375 717 956
873 405 748
174 161 920
647 322 284
487 988 494
495 6 517
169 253 535
790 917 292
452 327 646
700 437 630
838 742 373
540 440 606
359 149 714
994 860 560
278 832 753
549 469 290
345 294 815
368 110 486
233 162 388
321 126 809
217 47 143
280 421 268
910 121 988
388 733 405
96 222 645
295 681 653
490 423 887
663 981 301
71 248 826
75 285 129
590 138 713
25 957 794
724 529 499
557 2 309
753 955 81
105 818 784
3 721 466
413 543 425
81 984 644
890 873 600
977 874 907
805 506 340
897 308 556
296 23 429
442 752 544
55 143 985
680 738 997
466 308 290
409 192 82
62 174 398
458 278 759
290 222 431
738 141 267
239 755 662
174 762 248
794 677 236
257 91 569
561 360 961
700 943 258
40 771 529
609 130 440
53 19 564
163 829 797
125 164 447
450 533 496
150 630 84
587 577 53
646 182 463
391 961 404
298 405 264
292 942 431
172 528 301
951 741 109
28 649 627
700 684 174
870 805 184
801 825 164
118 510 105
93 238 114
119 744 341
125 855 424
660 472 378
344 175 973
686 777 838
909 590 489
937 234 541
809 768 627
46 598 422
918 404 166
828 781 115
982 746 229
318 46 510
601 501 551
676 442 379
619 889 681
323 600 320
0 103 189
915 963 105
160 752 534
997 280 53
249 19 550
518 264 968
434 839 490
615 460 907
159 955 984
286 980 540
216 556 836
92 360 101
79 733 199
354 101 627
675 601 224
421 411 980
636 781 158
462 983 560
775 66 541
171 552 730
940 12 739
649 673 282
863 764 110
380 775 919
931 461 246
122 898 290
43 21 41
581 196 513
795 183 423
427 440 635
799 916 591
421 679 54
667 869 211
138 895 958
13 984 750
115 867 388
179 709 426
845 162 233
839 749 364
11 370 631
203 799 124
387 563 218
775 628 884
639 581 920
287 121 895
98 107 958
653 93 681
582 782 741
972 374 141
339 840 699
303 264 427
350 187 906
789 739 253
597 60 894
327 142 794
255 933 754
137 627 498
772 729 129
658 781 246
415 249 193
180 931 637
875 590 131
399 598 207
422 671 254
979 557 94
304 923 763
342 144 546
425 87 391
911 274 310
539 193 450
710 43 852
8 165 544
857 219 209
769 279 236
352 943 754
57 444 99
680 232 614
625 660 223
860 701 627
698 31 203
396 43 946
823 861 780
310 461 147
26 503 315
399 862 977
126 456 74
308 73 492
546 443 682
998 879 813
322 814 188
325 198 900
764 752 473
615 817 542
408 430 378
357 213 697
906 913 915
461 973 51
469 714 159
656 100 907
817 693 648
671 204 761
398 728 745
668 202 855
428 143 998
500 88 388
650 815 790
825 887 508
622 393 844
120 560 3
623 426 252
739 35 828
530 114 377
446 326 903
618 153 60
329 800 522
736 869 208
979 88 455
987 818 53
881 485 905
570 678 530
428 948 232
386 773 615
859 420 117
243 611 811
555 386 226
765 452 334
536 574 751
977 590 917
120 70 769
100 585 970
552 656 238
461 391 600
185 28 655
770 745 35
995 259 707
811 927 875
147 380 410
639 998 702
915 662 494
209 857 641
643 901 109
668 160 757
967 215 728
556 371 540
43 207 672
391 422 802
398 254 220
21 763 637
414 555 586
654 207 948
774 171 753
346 425 267
113 965 348
634 396 695
75 513 525
269 909 73
709 204 874
128 791 529
201 500 537
928 378 602
62 203 112
601 644 673
171 548 850
27 370 723
155 507 486
219 177 234
226 649 519
881 276 935
728 352 504
669 344 732
694 725 520
395 740 179
538 279 140
977 414 509
212 217 290
713 293 440
280 31 551
220 913 730
399 550 415
896 701 351
385 581 638
977 76 174
382 314 600
992 258 520
132 583 775
665 454 129
37 898 572
489 744 203
635 506 520
327 686 431
36 875 339
638 618 218
897 313 506
410 876 803
308 679 435
208 812 846
222 213 252
218 314 725
413 359 646
18 645 951
520 732 530
123 39 222
737 271 422
172 537 864
1 758 131
128 42 278
977 677 200
526 495 382
926 214 468
49 786 659
707 55 851
121 925 470
488 165 31
761 610 968
835 98 3
134 244 613
428 757 34
647 137 685
103 632 786
749 595 913
48 146 870
708 177 419
754 166 709
85 613 336
652 6 490
730 403 54
675 106 514
952 725 457
351 993 763
768 779 276
828 677 888
398 983 814
181 298 241
963 859 893
606 320 73
328 225 466
833 607 38
615 804 54
312 979 190
486 378 429
904 618 400
293 450 32
525 561 40
158 977 992
397 28 458
655 996 606
141 654 664
203 725 301
145 20 951
512 917 463
461 625 44
847 973 490
795 877 327
740 351 344
797 761 496
930 345 730
718 472 768
457 719 343
475 757 295
64 173 656
152 972 636
114 100 121
54 386 202
210 497 245
599 381 140
290 888 700
189 969 152
867 37 309
149 98 316
530 725 550
331 139 458
643 776 223
130 215 576
288 797 68
257 754 932
62 612 166
491 699 501
501 671 382
639 468 232
332 727 899
258 838 850
277 506 602
999 697 842
470 326 35
299 288 599
332 273 474
260 931 870
969 465 296
578 107 266
948 342 860
892 853 605
329 176 280
727 494 368
366 408 841
683 776 333
98 292 10
960 462 333
967 485 229
