200
100
140 133 928
171 71 261
113 142 984
51 88 962
13 53 662
83 42 42
94 70 836
89 85 434
181 82 151
53 141 841
88 155 187
21 60 553
0 40 420
153 10 965
45 122 847
171 44 838
188 128 72
88 187 907
59 99 688
28 196 905
175 46 606
162 74 994
184 109 925
118 98 307
19 18 866
199 103 687
83 160 554
16 147 800
33 193 466
4 56 770
45 24 53
145 95 104
156 18 270
145 130 225
182 58 902
185 197 821
197 186 582
29 47 953
173 169 297
107 13 627
102 43 953
67 108 240
85 0 77
105 137 525
72 8 330
142 98 351
144 156 957
127 85 552
47 146 507
53 98 690
147 79 412
199 137 912
38 101 868
37 149 75
90 80 159
3 5 820
152 148 527
36 106 131
128 28 165
39 41 169
6 165 473
111 47 922
21 83 18
81 41 161
181 93 776
79 61 431
86 164 385
80 105 756
77 160 732
125 83 911
83 54 33
62 57 516
96 126 326
169 45 198
101 28 348
72 104 501
26 134 432
132 93 764
84 146 424
28 63 470
20 82 301
96 137 430
124 128 268
116 124 961
79 72 9
136 192 923
89 18 136
156 69 117
18 112 123
78 57 988
136 62 718
94 26 804
26 91 428
144 55 115
96 146 40
89 54 577
78 69 530
115 19 591
129 40 188
187 112 830
