2000
1000
1229 55 631
1204 480 676
14 349 862
948 1273 714
592 1912 491
540 820 877
1003 616 305
722 10 948
1749 279 696
631 672 236
1051 1226 947
541 1467 309
1231 792 253
1621 1473 224
662 835 318
1040 1046 356
1588 64 413
394 1976 427
610 175 456
278 1630 346
1765 1523 973
1964 1989 349
1840 1420 608
1571 1168 699
952 1451 262
1102 710 370
1352 1857 218
81 1980 929
686 370 234
695 1784 636
333 374 359
51 856 528
298 241 544
1441 697 81
1494 826 122
1184 426 989
852 622 672
1653 1961 898
1740 701 128
1784 1050 98
896 654 37
1389 1864 596
487 123 671
1598 343 752
543 20 171
1712 1520 482
224 147 420
217 1178 816
1074 250 461
1826 748 479
78 672 835
72 1629 202
1461 65 779
1379 1391 821
761 1401 202
1906 1096 805
430 492 919
244 1728 510
934 203 909
650 1537 527
1938 1471 700
1107 442 122
1817 1301 5
1414 811 608
134 1231 867
665 1849 571
671 1660 538
683 352 232
1460 1517 398
1648 44 241
1220 131 504
279 1741 861
865 1405 950
1754 1669 517
947 1415 213
939 1122 443
1901 476 558
1943 508 555
393 1455 55
159 362 51
600 1380 743
839 1327 649
488 874 930
1852 259 624
1646 128 988
798 1123 968
1865 1766 944
1876 268 411
1383 1417 764
271 824 787
1924 6 994
119 620 404
1206 755 837
903 1247 618
1904 1562 146
626 251 329
1551 191 816
134 1071 686
1720 868 362
1372 32 114
1342 700 727
1304 662 348
1856 1363 417
692 54 590
147 1630 717
1732 501 672
1168 459 120
900 498 287
1635 486 599
652 888 874
68 1603 89
1613 248 631
300 1873 683
313 1981 686
416 303 669
623 1230 438
240 420 867
741 1453 99
300 1461 578
1895 1201 18
635 1131 61
404 1298 30
769 1264 811
1976 522 692
627 848 736
96 1703 663
922 1559 289
1096 445 748
897 83 652
30 491 41
1399 263 737
1695 316 211
307 371 770
1949 148 434
1147 1603 514
494 1780 149
1928 1788 657
1776 1148 798
1172 421 498
1524 423 914
1382 1571 569
1443 1875 74
1310 1538 393
330 429 846
1638 1297 769
628 1477 871
868 997 880
536 613 135
1356 1524 916
274 1109 992
1509 1378 524
226 1448 518
1113 725 832
316 1658 684
353 42 821
620 926 588
1464 924 217
1751 79 750
1699 956 511
1794 685 689
1711 352 5
242 1318 809
671 1318 153
303 1028 548
901 353 16
937 786 524
205 870 725
1668 1453 725
794 1028 892
1473 1309 401
1175 55 48
1129 401 625
132 608 169
586 730 379
966 1817 5
1783 1423 983
1186 381 608
382 383 427
1539 9 728
1872 1599 385
758 1127 62
821 541 798
772 1207 503
816 638 349
169 1183 964
1038 1839 630
1953 1742 247
214 1440 252
851 1678 182
1462 1105 110
250 1054 199
1710 859 231
364 1724 407
859 1929 104
1598 1048 188
1043 1631 894
1425 781 439
1650 1738 553
771 477 729
1534 813 848
1366 506 159
927 1685 209
1570 1483 767
823 767 326
1686 1095 115
917 1807 170
603 1723 572
1408 255 617
957 1910 622
1420 388 612
249 1717 720
1389 1886 85
392 1129 713
676 107 606
1373 150 525
116 702 167
634 1653 447
390 75 593
900 1989 343
125 435 716
845 1554 380
1027 620 767
1864 29 850
631 17 449
1783 95 627
332 1582 314
1114 1234 601
704 347 21
809 1780 552
1578 498 279
905 1530 594
853 1273 796
1208 1516 338
609 1190 819
1606 1828 332
728 1583 651
1850 383 934
1630 1749 190
1618 1320 365
384 2 298
796 301 732
1543 175 843
763 669 36
1264 780 168
1660 589 16
744 804 700
14 1556 929
1047 1192 165
774 925 399
1086 1142 442
528 347 22
1006 1232 957
366 1325 86
1459 562 774
1787 309 828
620 1924 947
147 19 700
1327 1686 403
1930 83 698
174 286 840
554 1647 44
1890 1912 826
227 650 551
937 1001 734
1330 1953 0
1246 670 184
651 489 843
519 1220 12
1432 747 800
105 1611 884
1922 802 884
1879 1883 218
149 255 643
299 663 323
225 465 218
1125 1146 558
15 1159 228
1972 567 747
1652 1234 410
1531 869 231
91 476 701
70 749 966
1628 719 549
1256 157 986
1155 1338 808
1309 0 520
1888 1749 723
275 298 796
1141 880 863
815 1838 700
773 486 317
1360 305 385
1275 1149 154
14 1801 346
1559 403 647
610 279 506
1551 1134 986
293 305 924
1722 1837 472
1563 1385 437
907 711 805
384 980 4
1664 1102 219
373 224 417
75 1701 943
844 1937 197
17 540 407
1347 1191 828
1472 840 226
1458 865 648
44 974 256
1620 437 253
924 7 649
1503 186 792
1516 171 122
1640 1273 914
940 1766 701
1699 344 491
184 1194 220
1188 1270 986
1548 946 50
464 92 455
816 1990 277
1629 26 51
1941 1071 952
13 319 400
372 1658 887
1269 1222 953
777 332 865
887 1901 650
383 1154 496
1631 861 959
884 476 4
362 813 102
913 575 861
299 577 391
434 381 314
388 1255 880
337 576 644
1290 763 121
1500 423 164
1343 1123 846
683 968 219
652 1945 99
1951 1090 546
480 258 104
403 799 355
1202 933 235
819 1813 16
1317 471 577
692 361 478
1809 1504 308
1653 1832 858
166 862 881
596 501 642
1864 770 122
269 719 566
1837 1692 899
426 570 280
1991 455 894
1741 198 771
553 673 382
127 51 84
391 1216 479
1921 1239 526
1034 1158 969
1408 1670 56
1383 312 772
1243 351 967
1344 249 433
1977 577 707
1207 556 456
14 1227 564
696 310 84
1875 1377 857
1059 289 184
1563 93 489
574 1081 266
242 296 753
1652 1368 177
1150 1846 815
1782 1865 266
599 912 435
1250 207 289
1822 387 243
579 693 524
1710 701 310
759 774 737
717 435 841
1262 986 711
268 1248 301
816 1421 358
1785 1969 503
102 267 865
1358 1634 385
72 1732 40
849 758 200
1186 969 583
586 541 377
382 1419 542
737 885 627
630 1103 83
1712 1847 571
896 1046 323
1882 1827 145
1479 1395 674
1131 1335 974
214 845 747
1972 198 682
1641 1594 256
667 1407 679
796 123 787
1216 254 127
1455 706 29
564 583 767
209 1146 638
328 841 642
1346 1853 843
1278 1447 56
931 940 180
104 1334 727
1284 438 649
1204 319 921
296 38 682
982 506 33
385 1982 701
1576 320 759
928 95 107
226 1258 863
217 42 884
196 1695 702
77 321 526
1688 187 766
76 428 111
117 1690 51
343 727 537
424 789 190
1625 1160 983
1856 455 618
1869 1062 274
1485 1000 647
335 1637 879
348 464 988
330 1662 786
1194 117 636
208 1173 503
707 133 703
615 432 196
1896 962 912
1505 1528 806
191 1841 633
207 1229 252
1375 1886 35
1477 395 456
662 1249 942
832 1947 338
1225 467 220
1427 557 490
1650 586 707
275 1079 93
90 1797 939
1978 599 186
1543 457 149
980 415 628
663 639 712
335 988 545
496 1263 282
1277 699 171
188 1013 75
1022 1571 3
546 878 393
1532 934 633
11 1467 52
294 1457 346
1784 658 915
954 1116 617
870 1617 540
202 1125 531
1942 1710 695
1542 1795 793
269 1964 105
1915 1956 288
959 582 177
478 1719 217
92 1967 641
513 1379 824
707 1810 66
1603 1268 172
1911 1455 103
550 1634 402
424 122 983
1229 913 915
216 1853 854
448 1185 267
1772 112 115
235 537 1
779 1032 428
43 944 110
1801 1574 775
987 390 892
907 1217 61
1933 582 985
1485 347 175
1907 111 770
1318 1477 719
670 1688 341
1194 620 225
143 998 260
1519 962 214
1722 17 672
1301 1230 617
1924 1268 64
235 1055 479
999 1579 166
1816 472 545
1009 68 183
1762 365 766
788 1158 786
1784 1861 847
541 583 267
1988 684 760
99 1267 280
1978 192 377
465 1818 108
1797 395 639
921 146 425
402 1303 968
786 1492 815
5 1398 187
666 396 244
1513 458 22
770 544 370
920 917 115
429 123 767
1723 1528 222
803 822 548
1358 71 144
1214 1071 11
727 235 931
1883 1762 617
364 1366 414
276 964 349
48 1197 47
1544 103 372
1165 1601 641
466 392 476
1804 557 556
263 1055 488
485 311 525
1088 142 654
1677 549 791
1001 1458 254
681 813 586
1528 1255 971
343 1888 899
735 1013 602
1549 1600 636
1204 454 729
737 350 131
637 597 947
551 769 741
1943 785 951
261 177 774
1549 1156 1
1000 179 215
1493 707 560
1436 1453 891
949 1875 947
537 795 594
868 1563 988
1402 1025 31
1694 1436 318
1993 201 575
131 1060 371
276 529 681
390 1523 4
835 1467 248
542 1531 754
713 907 925
928 32 353
442 393 933
831 424 652
837 750 760
1735 1524 297
48 1498 47
208 427 369
1256 1691 909
184 1411 298
1431 1537 266
1537 1650 716
667 498 501
1455 844 406
1222 1876 195
848 889 323
1337 857 438
1119 1300 286
1627 1501 634
698 1222 182
617 1015 67
1808 1597 792
784 1000 267
246 1923 217
1968 137 860
1457 1252 174
1660 1821 688
1990 1540 620
408 927 112
1872 723 973
459 29 709
1395 1292 983
1079 17 499
25 218 15
1624 169 259
1364 1998 571
1808 1238 186
1477 1857 936
684 760 46
243 1830 652
1526 963 682
1555 1737 78
1850 292 229
1480 1628 594
189 825 248
479 518 696
1647 227 377
1627 816 119
1441 1000 462
1021 659 41
172 478 831
1945 840 541
700 1180 499
723 1207 493
1253 542 655
1395 1652 965
11 1118 495
146 1447 742
181 951 765
741 1311 62
1468 638 937
93 966 982
1588 793 949
330 369 213
416 1397 217
1291 171 644
597 217 909
1881 750 570
700 759 707
861 1011 456
1381 1804 743
1019 1697 733
1118 1999 487
585 642 957
1509 1021 323
1051 1638 295
1651 945 800
763 711 605
878 955 893
1515 890 683
1854 1257 114
71 835 673
713 1956 557
1972 715 936
76 471 841
1783 871 148
1504 564 847
1710 1304 335
1360 39 359
1134 1145 629
1088 614 823
1365 977 975
1921 961 237
376 596 423
1061 1202 900
1427 454 283
173 545 467
1888 262 72
1467 948 242
1342 414 800
1030 1127 434
1035 1486 708
85 1681 334
1313 604 138
1817 1858 337
1131 1311 407
1300 571 707
991 1511 824
848 158 464
699 1165 598
1345 870 869
1515 1367 425
933 1702 861
483 741 391
304 946 539
678 1843 717
1359 1226 654
1985 18 778
1478 157 980
716 302 193
674 935 699
613 451 509
1323 353 485
1413 366 856
896 1214 96
513 182 348
62 826 358
1272 930 332
1897 1548 292
1906 1257 853
568 1176 438
1098 1145 808
603 797 27
1991 814 580
1488 1901 997
1433 910 358
470 104 886
1778 1623 596
708 891 715
1702 333 342
1785 399 939
353 1072 329
630 201 975
68 1129 37
69 1598 898
229 1187 624
1355 1033 484
1719 566 441
1721 1225 33
1916 166 32
1341 707 809
1984 1038 229
934 663 771
1936 422 570
1382 664 784
1671 83 322
1357 1088 135
545 1705 532
814 310 828
1554 1688 414
64 1720 483
341 1046 606
282 1460 975
1786 200 472
982 1762 83
695 1497 548
204 1620 948
1067 11 91
459 526 109
759 205 710
415 422 635
1909 53 648
384 831 727
1753 1336 427
1477 1803 254
157 906 313
1444 670 391
1780 609 229
1658 1735 961
1437 1991 416
101 694 248
664 787 978
1297 638 766
1859 804 416
1144 1657 772
874 586 792
18 203 683
687 857 200
1435 1421 133
1144 293 478
630 174 990
836 1045 648
1514 1424 746
664 217 792
1295 1070 71
1875 1858 794
1823 1583 696
284 1597 545
760 454 346
1002 1805 842
126 29 85
1494 823 568
718 1446 587
607 1518 691
577 152 928
738 1798 623
669 600 998
344 1299 335
1068 964 163
261 376 475
1000 1396 866
1844 1320 597
893 398 544
1678 783 49
1372 1513 100
526 997 530
1267 1019 559
1178 1369 994
707 76 380
1838 1509 372
1494 817 889
629 207 779
1957 383 771
1837 1393 643
254 1800 764
1421 1008 212
1012 241 420
1605 1717 697
893 762 465
1322 948 388
46 1706 663
176 668 791
791 1422 520
1093 1868 873
1412 1080 507
1049 1722 770
1863 1615 765
1227 3 306
217 920 666
790 1143 512
1202 356 102
1805 1260 563
545 70 57
739 1826 21
1095 251 22
702 357 600
356 30 359
1017 1737 949
871 1367 691
1001 795 821
1543 1011 582
1026 661 617
1647 1180 673
1866 254 455
1133 959 906
1452 509 792
383 1364 215
1306 1957 576
1037 955 649
1731 329 778
898 890 519
58 344 396
267 224 803
477 1742 261
375 862 660
449 244 725
636 397 246
253 413 641
1098 1993 299
1421 1641 289
708 306 577
105 1164 248
1645 184 941
1818 1313 40
1755 1559 414
779 1252 294
1899 315 238
1398 1727 834
733 454 539
1162 682 59
1397 1428 210
38 389 968
920 1509 160
1522 1202 895
1412 1315 218
642 179 179
233 960 771
660 1816 574
1114 1369 224
1564 1001 345
918 446 3
639 1893 605
86 816 833
1344 1550 316
1610 1179 49
573 469 87
459 1079 194
313 1629 755
1718 31 657
611 1915 328
1880 1881 879
1135 1033 176
21 607 425
93 873 407
1976 133 415
1524 1825 841
610 1019 384
1345 1314 684
1710 1137 390
468 1586 105
1547 1707 890
661 1347 258
470 618 750
1477 1661 952
1738 1103 697
762 1389 306
866 116 298
375 1380 733
924 935 755
243 128 928
1056 1470 407
656 1497 611
1972 897 219
243 1132 53
385 1693 297
800 87 88
1502 1824 385
400 246 785
538 473 865
961 1467 577
856 980 57
1553 365 164
791 1017 871
1530 384 94
446 1844 62
832 663 827
200 0 793
820 1808 302
1855 1143 257
293 1941 654
359 419 66
601 685 254
1415 959 115
1062 1351 619
1148 1483 818
1143 9 96
345 1884 585
1097 910 727
1853 484 663
273 477 124
1154 1050 356
1597 739 236
75 587 423
1026 965 197
1453 1288 926
1444 871 739
756 27 140
1791 1346 438
1789 1898 65
821 62 799
1710 1088 750
153 1060 775
1931 1502 659
433 329 833
891 384 347
88 458 80
832 1779 933
330 1810 885
1260 669 379
1454 1409 549
1566 7 968
1257 1766 282
1221 484 304
144 1094 928
1955 1602 814
1276 990 278
1563 1457 644
374 1654 940
564 483 57
448 701 650
1777 1651 245
1942 557 629
1215 983 90
340 1172 58
1017 1896 109
224 579 798
1499 1823 390
1913 732 200
1386 1365 365
466 772 587
612 1572 898
1713 1707 773
796 321 941
1372 1023 350
248 1687 481
1224 149 924
1629 881 264
840 94 947
1622 1433 41
1313 242 856
229 1137 625
126 959 244
300 513 777
916 1107 763
1707 298 626
1627 1582 821
674 777 249
1946 203 569
1008 491 312
329 226 711
1128 996 453
483 324 563
1756 948 172
1915 121 113
1900 59 58
1709 1383 407
471 649 654
1825 1109 212
491 155 617
1236 1711 555
398 539 847
649 1225 780
