400
200
280 252 805
16 25 983
152 184 297
103 62 985
281 183 419
29 280 97
7 209 461
48 145 362
377 325 331
362 245 448
382 91 490
153 308 180
176 264 347
150 275 61
53 79 911
150 4 452
82 281 993
165 9 670
338 344 415
49 118 684
275 15 577
34 34 513
134 93 687
345 281 883
162 91 304
107 118 910
46 129 62
345 398 721
159 88 210
228 81 922
260 155 827
36 147 841
336 365 812
17 302 134
82 218 691
335 21 86
174 118 581
92 64 829
239 316 980
124 189 329
325 210 66
177 88 612
11 223 383
166 381 539
341 218 648
34 8 238
53 297 358
202 188 318
5 295 124
175 251 421
139 155 262
203 381 606
164 18 132
87 344 152
75 16 648
173 191 930
172 172 246
381 382 824
171 78 396
315 235 253
369 114 348
20 83 531
70 319 84
225 267 420
258 40 816
87 42 547
89 227 394
117 293 952
311 253 561
200 348 160
279 383 111
240 21 907
363 140 672
202 204 537
236 354 608
137 149 626
107 90 786
110 173 687
160 392 522
111 149 593
112 57 983
63 398 927
225 52 278
285 329 905
75 384 516
142 138 552
16 22 207
268 65 17
10 146 224
198 348 944
107 220 849
220 6 812
286 376 771
265 111 499
272 178 639
360 342 151
129 355 749
161 231 992
168 95 991
149 200 372
109 126 995
274 121 169
27 19 947
241 38 76
162 28 713
109 150 35
208 70 624
35 292 709
347 14 371
49 304 210
308 124 806
189 214 137
142 310 474
156 320 99
392 315 58
398 393 15
3 306 438
186 34 760
250 314 353
186 109 69
260 317 371
187 130 661
167 380 456
371 351 912
269 305 82
310 223 340
274 90 8
103 183 477
274 265 126
396 242 460
75 216 70
8 380 272
202 280 183
235 7 923
384 102 391
52 282 648
263 115 121
365 91 798
203 235 672
383 138 927
111 286 349
170 116 686
260 268 275
1 339 341
111 12 242
105 333 131
381 320 320
329 375 330
127 360 966
168 316 565
117 64 772
266 272 159
222 225 34
155 246 993
136 217 694
337 100 503
263 40 238
7 46 902
112 181 866
87 392 452
69 145 609
221 323 933
172 232 518
142 30 957
9 49 563
165 76 345
297 135 761
56 319 271
314 194 488
304 147 67
330 19 227
68 325 205
105 328 272
30 367 995
139 333 905
162 31 271
33 150 560
82 377 967
191 10 511
185 244 79
81 299 473
75 114 455
333 75 474
59 163 585
112 301 25
93 138 125
346 120 224
288 168 221
45 184 992
356 81 679
140 47 194
164 117 407
348 276 676
1 44 860
336 87 805
58 146 299
262 249 916
277 132 548
54 262 502
218 172 333
