20
160
14 18 365
17 15 456
12 0 506
17 2 167
18 19 619
4 13 519
8 2 604
16 12 693
0 8 677
9 15 738
6 12 285
7 11 465
5 16 667
4 9 450
18 14 421
12 17 191
6 2 464
15 15 79
10 9 35
14 5 884
7 14 40
8 12 356
15 0 64
7 6 793
8 14 314
6 14 942
8 10 122
17 7 90
6 18 196
19 8 512
4 19 582
11 6 934
10 2 392
7 8 532
0 11 282
7 10 584
12 2 343
6 16 532
8 13 494
9 5 183
5 9 414
15 5 453
13 5 566
12 5 358
2 0 128
2 7 420
13 14 617
0 6 752
18 15 390
13 12 949
4 15 744
1 19 560
2 14 979
19 9 538
8 18 453
2 10 316
12 15 876
14 16 915
4 1 827
19 4 235
3 10 657
14 7 658
10 8 42
6 13 306
13 4 736
13 11 677
14 17 805
2 19 89
13 6 363
1 13 282
8 6 369
0 0 685
13 2 880
3 7 702
8 17 396
8 1 176
19 1 635
11 16 350
5 12 797
10 6 164
14 19 945
6 9 46
9 1 114
19 3 567
13 10 774
18 3 815
2 8 950
19 10 403
9 11 622
18 10 61
18 5 85
7 7 572
4 10 624
10 0 924
3 14 620
9 3 988
8 19 472
8 0 348
14 1 182
11 10 585
9 0 789
16 1 124
0 19 414
6 3 93
14 8 677
8 9 45
17 13 952
0 16 999
1 1 63
15 17 30
5 10 554
5 5 803
15 19 565
1 17 135
19 6 91
12 13 228
16 8 637
7 1 144
0 12 913
8 16 608
6 15 434
16 5 868
12 9 787
6 7 477
15 1 813
1 0 98
7 5 570
19 15 915
14 11 575
13 13 926
15 2 287
12 6 541
6 17 540
6 10 485
10 7 968
2 5 569
3 15 242
17 0 295
15 3 798
1 9 922
7 13 313
5 7 10
9 13 432
9 12 62
5 18 490
3 2 198
4 3 175
15 14 213
3 9 469
4 7 692
4 0 777
5 4 814
7 3 192
14 13 90
9 4 903
3 12 632
5 1 66
15 6 142
17 5 80
10 1 540
