200
700
11 69 991
150 45 852
126 145 444
27 118 463
127 66 215
91 176 148
191 193 590
41 44 234
78 6 259
75 74 401
109 175 229
141 59 253
114 110 659
162 51 120
67 50 843
84 101 443
153 44 361
46 5 950
101 172 873
66 89 769
114 153 610
158 2 590
104 12 33
68 29 778
144 11 427
43 88 206
26 152 165
198 40 293
111 59 763
59 53 30
101 174 969
37 1 962
64 72 321
186 108 650
175 122 373
122 134 818
19 4 350
129 93 708
133 149 239
157 172 677
10 177 689
140 194 856
0 32 844
45 193 702
74 150 595
41 172 735
194 161 771
184 82 409
11 149 647
96 146 811
125 162 502
171 102 515
125 185 554
179 167 760
118 105 735
63 176 2
191 52 345
112 80 788
12 10 0
17 138 829
102 195 267
158 126 673
186 29 289
154 103 643
43 105 166
32 177 948
23 180 608
149 137 557
170 126 721
154 97 985
98 145 268
185 190 390
169 48 830
110 135 305
87 110 703
165 129 476
73 126 206
131 88 999
116 95 254
77 119 941
23 187 628
126 90 114
166 77 386
128 70 420
4 37 982
194 17 86
164 125 427
49 22 897
42 2 179
101 10 658
124 77 842
27 186 847
125 101 786
139 62 585
44 117 522
36 27 486
175 61 929
198 166 921
18 58 256
188 87 415
134 91 789
174 105 520
63 21 491
29 75 506
199 91 125
114 27 69
165 13 793
188 34 69
88 89 794
45 181 643
143 68 162
198 35 498
25 3 233
55 92 918
45 159 803
77 196 768
107 125 340
83 181 313
9 50 211
126 175 25
101 194 488
19 34 347
79 175 30
170 195 362
156 154 562
14 59 172
59 113 648
60 75 339
127 189 126
94 54 392
131 66 615
184 6 26
180 87 955
70 136 318
34 30 185
113 154 546
19 50 460
31 14 939
167 114 811
137 172 847
38 80 331
106 98 629
58 52 727
107 197 884
76 25 238
39 27 287
44 70 430
62 27 331
17 26 166
47 127 594
115 180 545
175 77 530
175 108 66
133 134 19
65 47 805
146 14 283
64 117 390
24 59 631
60 27 893
69 45 475
179 125 315
6 37 27
179 67 577
160 194 703
33 175 559
154 35 609
75 16 473
133 74 613
129 138 113
62 114 921
55 51 482
75 143 579
171 65 152
36 178 24
65 20 759
151 69 219
163 23 245
146 61 384
119 190 628
132 195 70
49 13 899
123 62 316
60 184 323
95 55 416
186 103 565
134 182 876
59 68 584
151 190 483
114 35 160
111 185 774
124 42 1
68 77 36
55 1 261
21 157 101
33 56 10
1 36 630
83 161 894
41 179 274
110 99 870
175 83 705
104 54 69
169 182 44
161 58 64
127 135 374
100 29 546
102 73 186
99 29 173
168 73 836
106 34 145
103 144 377
1 179 150
156 60 587
189 144 947
72 53 314
150 126 573
53 16 813
88 140 625
153 5 270
107 181 894
20 94 956
55 50 315
55 9 20
62 196 395
107 143 965
28 183 315
140 46 738
58 44 851
113 114 552
149 1 688
21 2 185
31 36 919
199 183 416
27 11 378
99 149 268
46 132 853
111 97 748
154 141 399
8 164 688
167 96 147
25 162 837
66 133 26
179 49 480
63 156 393
66 174 729
105 13 420
54 131 375
106 125 418
192 42 918
105 121 460
83 45 573
199 46 433
4 140 512
155 6 122
34 196 609
160 14 896
18 175 763
33 121 46
182 71 836
80 113 805
68 48 554
9 161 972
121 69 599
49 19 701
23 17 179
44 17 736
167 176 46
106 119 106
198 154 992
118 88 801
26 109 539
164 178 592
81 145 126
173 35 586
158 96 128
73 170 39
27 188 641
102 171 124
129 168 404
81 136 279
80 181 550
38 133 360
78 188 168
47 89 687
198 60 728
84 122 316
66 27 690
98 48 83
142 76 66
113 105 290
71 77 575
55 99 901
161 163 864
13 102 978
35 146 884
86 30 396
145 31 765
28 178 565
63 178 736
12 74 128
136 177 245
6 76 245
137 142 862
156 119 784
192 7 500
169 178 679
55 60 457
189 88 333
24 19 110
163 110 131
171 38 72
159 172 473
12 3 805
88 154 805
71 147 315
142 83 37
185 120 407
86 60 48
151 42 113
15 68 234
76 75 950
4 20 730
140 53 996
155 121 750
23 178 890
2 193 616
43 27 929
91 140 314
18 103 162
189 197 308
31 80 573
168 46 79
166 90 132
89 193 286
15 5 953
63 173 900
138 29 454
185 21 824
183 49 229
153 144 541
173 101 17
123 85 75
32 99 281
53 104 705
63 59 30
198 56 932
172 167 852
160 98 610
113 145 641
185 64 271
80 14 447
61 68 539
10 120 337
21 125 336
182 122 489
14 192 199
48 22 597
141 133 957
139 131 705
111 111 323
0 34 177
98 184 374
123 112 300
0 55 574
161 18 924
123 99 588
14 160 531
169 129 787
174 91 993
112 135 957
56 22 554
73 119 494
38 18 934
69 39 15
18 122 614
131 113 400
179 153 117
13 43 363
150 120 803
132 64 884
75 124 296
34 167 123
75 163 92
43 33 220
190 69 69
106 61 603
72 26 359
129 80 279
40 189 58
60 139 968
165 145 147
155 124 488
22 166 146
111 81 716
24 165 821
147 20 701
133 41 93
184 191 949
146 169 258
147 198 313
48 81 371
141 169 963
54 68 3
66 94 545
150 109 40
25 10 230
175 57 873
9 15 484
31 37 122
56 145 4
65 199 351
103 20 55
182 119 542
108 85 161
144 147 207
18 115 158
47 124 391
163 40 831
11 158 357
73 180 491
12 161 874
92 180 615
20 158 2
34 112 812
135 51 341
60 8 61
22 67 523
19 162 668
7 54 674
38 135 908
78 156 345
16 152 983
52 53 163
168 45 163
194 190 705
160 90 949
190 82 906
145 87 842
13 34 185
91 35 544
112 35 992
159 82 771
168 148 274
119 168 625
44 165 302
59 161 354
79 13 95
120 5 895
16 131 186
84 167 298
115 127 233
30 171 975
192 139 314
129 114 71
104 117 511
132 157 572
189 79 255
71 114 543
142 41 798
14 170 481
65 158 203
157 102 781
126 158 207
123 122 68
171 112 257
135 93 781
31 102 637
13 109 664
136 58 616
85 38 965
123 197 393
36 129 675
88 82 883
32 143 709
35 184 418
68 100 333
171 199 531
182 133 943
157 186 303
15 79 638
98 63 401
173 5 93
65 154 687
74 49 502
63 52 536
79 155 995
139 24 516
59 117 102
20 44 920
80 81 115
147 65 506
153 156 515
168 18 77
100 33 800
65 176 503
150 24 983
179 199 367
82 187 986
109 13 868
53 146 902
143 86 469
85 40 378
174 48 569
3 157 420
31 158 315
97 113 851
100 1 26
93 18 881
60 103 348
190 127 516
173 15 639
145 144 791
91 91 88
55 111 75
115 121 268
136 164 875
106 107 874
38 52 235
44 161 757
104 167 956
0 63 223
88 195 874
68 24 697
46 156 865
164 192 957
63 164 920
145 108 873
192 78 617
151 88 18
37 75 420
152 87 181
66 43 58
121 94 570
13 197 532
143 102 971
162 53 381
23 63 867
33 128 967
20 79 44
4 75 631
67 171 717
2 8 610
28 65 302
182 198 582
16 34 432
0 96 641
60 134 349
125 145 191
65 183 15
119 193 240
169 28 784
145 107 214
130 110 929
161 77 716
14 173 34
170 18 487
165 144 419
156 58 892
188 106 849
133 120 567
39 92 520
12 57 408
70 2 410
55 191 294
82 113 375
197 151 445
85 198 207
142 29 792
7 184 870
29 181 600
193 54 370
87 56 170
26 31 709
34 26 546
93 144 580
51 174 330
37 37 825
192 177 485
60 105 370
26 83 214
149 113 877
59 63 419
18 127 350
93 183 712
112 64 234
81 113 640
149 53 444
96 169 426
17 98 937
89 27 721
27 106 597
17 131 142
6 160 354
85 196 692
116 100 961
107 31 474
160 37 80
168 57 435
98 115 617
162 116 696
51 47 34
111 53 487
127 151 200
121 82 663
88 86 870
37 190 167
149 106 2
143 47 415
50 92 492
54 82 75
127 75 536
152 131 814
78 139 477
123 34 90
95 83 961
67 158 969
175 36 654
163 196 987
21 84 866
130 147 24
70 178 78
93 173 739
91 69 536
186 127 942
30 199 283
183 50 994
170 156 121
15 198 1
110 96 581
13 27 716
192 136 929
73 16 57
165 58 155
29 149 941
16 176 726
195 121 271
152 31 670
103 161 902
12 38 184
65 48 747
62 25 893
18 113 331
126 37 63
42 90 126
124 109 945
44 12 227
62 161 549
43 73 969
199 75 353
42 89 239
13 159 910
144 12 900
142 147 30
138 145 821
41 92 166
98 88 205
60 9 825
93 40 598
182 197 901
8 178 575
139 97 599
92 58 243
66 188 592
87 7 356
187 190 158
76 131 59
75 98 607
167 168 695
54 12 792
37 168 375
191 120 609
68 104 524
166 27 673
4 44 357
58 111 352
7 152 426
115 46 718
127 156 592
107 74 916
172 18 808
88 14 567
136 26 179
160 76 849
169 47 843
174 50 433
176 66 103
188 53 835
100 101 502
170 69 785
152 89 595
124 112 774
144 1 118
132 34 723
36 142 835
180 181 213
40 23 268
121 138 15
146 30 477
92 77 341
162 18 537
186 60 53
