40
100
30 28 176
10 6 430
37 38 830
23 36 879
6 39 376
0 6 729
18 12 52
5 4 625
21 21 672
35 37 795
20 15 283
4 36 330
12 3 195
8 34 338
37 12 509
3 22 380
12 24 471
38 17 400
30 0 719
36 22 718
15 29 764
18 37 973
27 14 762
38 38 404
10 7 649
25 38 714
24 27 754
9 21 944
1 18 597
18 18 42
0 36 283
38 30 345
21 19 764
31 11 570
9 32 69
27 12 82
2 3 738
8 5 671
38 36 708
23 4 976
26 18 799
21 13 314
14 25 737
12 29 15
13 34 55
29 1 995
30 16 3
0 34 137
2 0 590
26 15 775
19 35 517
33 32 996
34 38 477
8 24 787
33 15 277
32 23 568
2 36 967
29 16 132
18 1 644
25 18 591
20 9 718
33 5 592
12 34 432
33 7 12
30 1 940
31 24 206
12 15 199
6 33 747
0 27 384
36 14 845
0 7 320
35 35 240
39 29 799
36 39 26
3 28 553
12 30 178
16 36 236
32 31 506
11 20 3
3 12 215
31 12 331
13 5 935
37 1 127
17 9 721
36 5 728
19 7 686
10 10 14
18 10 360
10 18 851
26 7 282
1 33 48
30 29 718
2 21 263
3 25 467
29 26 777
22 24 222
22 3 607
2 30 673
30 7 341
38 8 768
