400
1600
226 375 416
199 134 608
13 263 264
75 349 270
393 2 983
132 368 527
233 267 428
43 103 319
224 12 930
108 281 914
374 230 426
177 347 379
60 392 833
54 204 15
88 340 202
399 277 673
103 184 500
332 350 236
272 245 942
328 114 182
143 90 60
60 125 28
322 40 403
374 374 404
234 91 351
259 350 809
36 154 778
273 243 692
312 14 912
198 141 473
209 92 267
266 328 286
375 178 471
55 45 43
171 358 62
54 133 382
82 303 440
318 108 125
5 358 252
310 198 710
258 72 841
132 365 903
280 25 211
109 80 784
165 307 855
89 21 792
206 208 447
309 330 401
110 174 115
388 31 857
235 116 193
395 129 814
385 8 153
26 393 10
54 213 984
116 213 524
80 229 272
24 193 999
311 319 537
353 2 131
64 380 33
246 11 39
8 295 525
169 181 915
23 156 408
183 23 320
137 123 33
267 396 768
41 175 597
328 277 109
297 104 12
378 244 438
164 367 52
314 138 290
233 301 205
107 266 15
63 305 406
351 52 742
141 50 527
115 248 84
94 360 452
335 99 48
125 265 580
321 186 187
257 397 98
311 3 782
94 59 911
292 2 438
201 284 152
111 372 587
103 161 192
115 370 149
332 37 209
135 116 42
42 24 584
201 136 176
16 264 563
70 272 44
70 51 65
79 387 837
270 312 31
41 124 306
301 162 343
152 257 940
221 314 975
321 197 899
396 317 174
176 1 287
267 256 454
142 72 623
97 87 481
342 197 595
282 138 46
350 129 712
78 77 435
64 241 306
330 212 680
133 397 455
195 262 859
71 278 54
186 305 446
100 91 33
287 76 504
357 163 35
331 268 685
310 185 517
292 351 480
85 44 742
282 233 785
232 312 151
3 351 527
399 166 201
145 74 575
333 350 764
156 192 563
178 299 283
36 195 794
146 381 180
209 125 681
296 221 778
351 399 388
334 238 56
311 67 919
342 316 911
223 359 778
397 320 439
278 140 555
128 68 502
187 79 328
367 194 588
7 381 636
379 92 933
326 159 222
7 90 250
359 41 854
114 59 796
272 69 836
378 240 146
70 330 685
256 205 475
367 269 630
40 80 740
172 117 577
81 391 829
302 54 552
119 343 301
20 377 315
385 336 143
14 125 391
150 16 445
4 319 455
167 316 530
96 332 637
173 23 61
287 335 254
78 138 768
158 165 963
322 201 596
289 261 803
397 224 957
48 50 387
203 174 589
122 298 534
37 271 222
182 255 678
163 377 695
276 21 452
83 178 459
43 284 424
204 254 407
144 116 109
370 102 78
138 281 728
278 275 642
314 136 640
31 101 912
94 353 370
202 39 712
130 324 743
336 378 352
142 284 126
251 15 597
171 375 314
319 131 183
368 134 609
160 342 400
167 54 809
105 322 292
86 393 183
95 110 562
231 271 57
195 333 365
178 133 497
374 380 374
184 251 4
297 93 184
344 153 817
51 389 742
280 263 332
177 289 374
339 49 39
267 123 163
33 311 285
253 41 878
358 277 915
306 50 328
242 243 438
173 172 432
152 149 753
190 143 688
260 1 578
331 73 920
1 395 678
323 241 543
397 12 111
289 79 476
337 357 725
187 278 21
119 335 139
6 152 514
38 372 854
188 129 520
70 237 528
90 231 240
203 29 813
347 214 88
268 26 832
216 344 811
314 315 235
353 376 46
161 298 793
391 97 521
390 126 184
233 303 41
32 373 446
118 217 871
374 150 922
310 364 616
244 91 405
211 53 761
226 50 306
288 87 114
87 18 412
245 130 174
190 187 281
282 284 507
375 254 762
289 336 104
309 12 95
156 187 785
327 188 235
3 117 865
90 217 579
283 308 119
43 45 360
208 13 709
311 199 764
56 194 339
208 149 260
279 366 336
291 121 233
126 296 659
383 293 386
22 201 459
374 278 433
257 268 46
51 21 890
327 201 338
333 65 416
213 58 489
46 188 360
107 284 485
92 212 43
8 128 343
372 108 358
27 60 898
250 344 37
71 69 93
247 212 355
44 242 928
263 253 786
86 155 969
383 82 389
392 173 701
225 213 250
37 107 614
144 175 929
31 321 797
212 59 433
364 142 328
123 233 333
335 111 897
9 292 808
345 378 825
313 208 537
267 268 454
248 76 231
80 91 554
103 201 705
322 262 458
291 89 958
37 255 628
312 240 681
287 332 373
374 211 541
117 324 930
201 304 944
307 113 297
371 341 851
224 303 948
399 71 380
205 242 744
356 267 810
300 162 284
364 330 555
364 251 523
347 295 844
204 197 434
55 181 70
71 239 193
57 95 532
94 104 537
38 29 992
274 325 744
154 74 461
354 211 744
394 251 619
114 258 502
352 181 318
38 385 988
99 124 40
317 307 410
73 239 166
217 133 445
129 250 683
117 209 891
380 366 272
261 237 696
240 276 775
380 154 103
135 40 165
71 157 599
363 209 860
195 101 247
356 107 402
21 218 556
234 257 259
397 323 363
37 345 372
328 136 696
385 301 958
15 105 275
206 368 528
212 300 19
321 369 964
232 371 42
221 294 16
55 360 947
177 350 788
32 229 560
164 243 923
395 79 677
178 207 645
332 301 112
148 269 400
196 193 85
167 28 387
135 174 102
172 15 364
359 88 242
70 82 288
340 372 961
79 359 960
283 358 204
252 38 86
3 53 971
85 31 914
34 173 706
110 235 711
248 39 101
9 296 130
155 42 991
119 110 571
149 144 463
110 197 250
176 344 255
12 180 504
69 269 867
234 15 646
67 399 735
182 257 340
130 162 786
330 195 868
260 245 348
78 41 826
256 52 215
34 255 660
270 87 993
397 287 825
267 226 699
64 249 156
307 325 655
383 311 203
218 82 645
307 180 108
250 66 624
260 58 80
228 14 227
344 200 408
164 331 572
87 203 48
308 190 700
108 241 519
226 19 463
78 120 665
277 302 443
227 383 619
231 246 984
41 134 135
295 34 715
51 12 533
158 133 713
42 56 254
43 392 605
197 239 27
99 247 409
151 119 480
392 353 299
334 149 317
248 25 849
370 81 948
235 353 828
319 144 382
350 233 423
340 270 473
122 6 782
124 301 469
367 207 661
185 129 958
14 45 880
210 140 488
61 280 96
210 394 900
268 103 953
215 375 181
324 21 222
169 69 596
66 393 209
346 352 894
77 382 528
21 24 272
219 385 415
336 222 849
315 209 961
226 182 897
73 233 817
167 52 650
91 335 858
56 68 332
13 105 811
376 82 636
24 247 153
321 53 128
374 147 723
246 276 27
355 100 422
64 284 113
193 217 77
85 157 944
51 310 793
296 2 930
375 79 218
72 43 38
112 146 666
67 117 910
78 166 394
219 357 566
211 314 298
241 347 944
182 161 229
95 12 314
14 189 314
88 129 998
102 176 423
312 325 941
89 284 287
299 320 339
287 70 988
158 183 604
162 82 761
357 110 165
5 145 572
106 193 227
286 195 418
185 42 415
204 61 174
216 306 318
7 376 182
329 213 870
367 395 273
288 325 335
261 295 219
362 39 579
214 379 77
295 261 356
328 274 682
30 142 35
74 297 247
214 60 127
106 2 465
123 261 845
285 292 295
276 314 648
341 213 973
24 227 604
46 164 366
347 151 809
50 61 657
360 114 804
282 258 546
322 357 604
229 282 204
18 328 994
66 346 414
100 343 149
294 293 218
120 182 551
388 50 661
343 254 513
10 215 743
217 189 402
254 35 90
173 271 246
62 120 94
392 138 515
63 71 723
44 51 892
135 385 790
251 245 373
224 333 563
250 126 120
389 359 539
187 274 339
228 165 904
348 136 836
152 343 993
390 84 791
212 268 955
394 200 874
217 110 590
377 384 712
131 72 62
54 245 245
291 341 523
17 246 101
382 269 685
354 40 912
290 83 944
141 290 415
374 47 606
71 263 11
366 109 992
100 300 726
71 174 872
287 122 509
80 8 23
387 23 830
60 303 857
139 54 980
83 10 738
16 335 511
17 169 834
125 111 630
269 35 187
149 332 670
399 330 338
130 287 415
232 139 536
240 253 312
128 331 784
131 56 912
362 371 74
147 80 933
252 149 343
16 111 839
66 43 514
141 105 527
261 131 808
396 224 170
3 110 256
120 321 808
214 93 43
170 126 439
210 294 915
285 139 21
115 385 95
152 369 548
90 154 729
316 28 618
186 342 424
321 43 175
160 131 309
14 370 842
129 394 893
254 387 124
89 169 894
153 283 256
251 167 180
260 37 551
166 71 959
132 84 836
111 21 77
113 86 259
191 143 888
222 63 892
371 315 836
184 120 795
366 388 274
112 358 287
268 355 170
266 312 839
84 61 378
273 196 55
40 34 292
24 120 686
356 199 221
116 226 859
384 151 402
300 311 608
237 181 9
86 70 625
84 75 72
254 19 14
46 309 61
80 139 35
13 3 739
152 191 860
71 107 991
54 375 178
179 87 46
118 303 576
22 130 372
283 162 78
122 292 567
88 15 586
177 399 161
164 358 923
298 248 155
41 69 93
322 252 785
279 32 1
90 223 567
70 375 145
287 340 781
303 154 364
258 353 693
210 344 129
363 19 879
180 33 893
125 78 387
100 292 516
67 17 203
179 142 815
268 140 403
139 248 88
147 332 89
28 156 706
73 328 484
273 45 716
340 63 677
24 68 619
232 383 523
203 210 481
364 138 457
293 219 863
155 159 360
112 220 907
147 10 333
235 107 444
329 320 665
281 95 924
37 351 664
208 253 424
152 175 504
164 398 400
50 312 733
134 96 598
211 282 799
284 70 214
15 24 968
388 85 592
159 182 981
114 14 413
390 181 258
32 314 91
57 218 434
72 332 181
171 364 680
192 314 751
285 344 747
345 127 410
138 308 212
76 63 782
296 33 119
99 387 769
148 235 595
190 294 439
74 68 377
84 227 454
74 99 754
192 20 50
116 105 83
4 196 319
39 234 846
170 121 520
95 115 735
158 172 106
8 121 970
221 264 980
62 35 406
364 198 191
58 223 144
54 1 613
280 68 518
114 91 176
351 259 122
377 386 963
119 283 467
83 192 542
390 19 338
330 260 929
92 326 35
147 393 572
137 214 958
288 258 127
49 242 343
141 260 398
2 372 972
111 226 39
166 74 100
246 253 274
17 333 954
370 245 993
161 117 33
129 348 759
240 73 119
281 20 486
182 10 265
78 91 182
36 49 652
193 350 90
344 130 170
33 331 5
315 392 44
314 276 166
181 174 765
104 355 933
377 245 192
165 242 163
389 140 983
114 174 121
203 154 632
237 185 289
171 131 698
33 216 635
6 247 335
26 161 350
293 252 777
313 80 172
334 283 433
290 65 0
264 374 293
189 8 950
104 188 382
252 211 756
311 13 559
336 178 490
118 105 519
75 36 123
64 151 287
202 124 81
186 251 525
287 50 630
139 300 821
305 290 648
127 277 664
356 383 507
31 69 105
125 226 480
216 282 575
9 112 365
196 152 157
313 368 878
342 397 671
306 195 917
16 168 799
297 372 601
100 35 463
385 208 131
100 117 47
109 11 591
389 150 949
333 30 186
128 293 68
265 384 566
373 253 464
375 147 811
297 179 810
208 128 790
12 26 721
24 125 471
205 12 227
389 214 349
58 97 838
182 342 507
321 164 771
113 336 103
203 278 221
154 101 318
194 86 999
332 5 447
299 197 837
301 349 587
144 72 980
211 249 172
250 370 617
115 335 255
252 138 769
274 151 49
132 164 596
362 146 479
13 292 679
211 300 649
46 291 906
265 21 702
120 22 354
250 188 391
33 258 448
392 342 882
210 83 887
320 53 161
101 273 741
192 370 363
143 14 523
180 307 622
318 252 511
118 193 19
74 149 715
129 337 601
372 332 130
44 196 39
254 29 975
352 179 721
218 137 930
176 345 353
290 214 171
172 201 864
32 313 444
165 221 476
309 214 191
88 383 81
65 262 231
274 285 424
19 394 792
115 63 72
89 154 853
102 39 934
105 255 585
398 238 753
189 231 772
225 299 887
344 308 654
161 121 439
59 219 2
312 398 50
131 237 34
68 96 916
164 209 273
256 94 726
366 289 870
266 48 514
2 74 436
106 346 581
17 262 625
383 14 41
69 205 994
354 68 384
164 3 183
399 308 730
110 309 759
244 260 909
260 67 453
141 368 572
373 78 180
245 155 316
37 10 102
98 134 825
211 220 301
313 344 582
176 291 784
384 375 360
121 89 586
100 311 948
186 236 608
309 119 985
181 183 991
371 320 666
215 253 744
376 69 683
122 85 541
41 166 516
302 323 853
143 341 736
283 169 261
44 24 605
293 109 456
251 71 875
378 169 751
395 213 835
310 19 13
349 344 220
183 243 741
108 234 489
338 343 659
368 222 941
356 21 205
72 64 396
87 193 782
243 135 225
145 71 434
86 398 620
204 299 319
212 238 958
303 137 820
22 295 934
76 1 637
369 101 368
169 65 85
48 144 875
136 105 541
194 204 964
199 30 785
212 326 326
44 387 476
365 235 132
214 173 415
148 360 824
283 206 769
242 184 829
343 177 597
52 3 433
2 41 461
139 288 137
304 104 160
7 156 322
358 71 339
168 108 493
174 384 163
357 319 194
276 26 403
19 328 583
361 305 601
331 96 97
115 170 223
27 85 964
282 56 221
82 359 578
130 105 740
104 140 753
90 322 220
27 287 657
82 78 896
180 121 705
20 74 1
221 313 212
110 353 740
9 147 777
345 355 736
32 359 247
193 128 812
156 48 813
262 252 150
167 225 239
132 366 601
90 379 324
226 91 110
58 332 932
10 132 163
257 124 96
106 143 53
13 49 601
121 212 637
95 140 188
58 282 234
121 205 876
245 354 669
3 297 113
69 279 595
36 303 232
10 289 385
291 92 61
353 350 570
94 333 534
121 116 154
25 122 422
137 325 973
287 275 562
308 270 406
275 64 526
48 323 210
315 40 249
80 224 96
153 143 730
200 346 236
329 348 921
201 26 31
235 223 141
112 17 39
249 85 870
91 169 339
118 219 431
335 339 841
137 96 955
149 314 778
141 222 930
176 82 887
74 122 909
21 183 55
83 224 218
388 173 634
271 352 418
137 281 175
263 0 790
316 74 748
10 119 420
91 251 485
267 364 432
368 352 888
208 182 96
118 67 864
11 309 166
218 360 248
189 40 279
383 282 259
235 281 108
12 268 151
98 336 72
323 265 78
349 171 43
103 383 576
46 14 937
114 88 846
124 338 412
137 223 273
172 149 905
88 52 577
220 199 923
217 8 171
169 153 633
229 243 203
317 214 837
256 241 760
342 206 193
57 228 295
277 264 696
78 119 222
257 125 436
278 97 516
104 315 308
326 5 391
81 27 437
378 219 807
65 53 307
241 46 115
11 243 921
335 40 706
99 193 197
258 281 180
302 49 827
102 374 661
125 294 850
229 153 660
162 32 469
154 167 178
287 247 476
335 68 492
85 274 59
266 251 828
211 227 793
264 68 851
44 376 766
161 284 997
13 142 558
31 102 387
25 249 176
35 34 415
183 102 967
249 94 874
193 176 764
89 355 225
46 384 132
307 20 178
350 19 531
268 346 582
336 295 444
170 176 41
379 96 5
377 15 685
170 2 258
47 120 443
55 51 145
86 394 502
225 251 927
49 215 80
362 393 421
276 222 957
262 56 555
164 305 778
335 265 166
300 97 413
63 38 807
231 265 342
70 233 44
322 115 390
69 134 133
191 134 259
351 183 695
19 214 943
383 224 122
259 70 866
57 158 333
346 75 650
56 143 983
61 116 17
61 169 792
340 188 321
384 391 918
210 9 435
140 386 722
198 153 777
145 223 652
83 103 176
203 231 291
147 174 522
368 282 658
220 270 9
297 279 716
30 39 912
246 56 612
104 100 410
182 134 863
34 65 37
373 25 436
157 163 255
111 43 282
269 59 535
192 200 572
106 379 846
239 170 856
24 139 800
336 347 263
278 214 19
237 333 995
306 271 712
346 326 374
55 195 524
104 98 897
381 44 532
76 367 538
197 188 3
262 138 335
271 69 300
135 291 274
160 107 764
392 252 27
197 290 668
173 188 900
12 310 781
142 239 651
323 321 532
115 360 187
106 177 787
39 79 642
26 214 929
180 389 622
72 255 25
291 295 974
170 242 856
144 25 992
25 269 923
192 258 718
138 206 823
158 110 782
378 287 543
243 210 139
142 313 981
314 67 166
375 20 912
399 255 603
138 242 13
61 23 755
363 347 184
329 216 394
302 272 520
364 393 184
228 333 449
159 283 28
224 47 23
225 190 908
33 17 285
299 112 678
330 218 395
249 339 70
164 208 197
266 232 650
194 364 902
155 105 271
137 62 168
297 218 178
95 363 95
101 327 645
127 350 768
194 156 350
203 201 517
179 316 902
210 373 329
224 355 101
169 195 447
4 90 535
330 221 378
158 203 357
175 199 104
101 223 408
7 83 327
216 267 983
285 41 442
213 199 982
300 260 815
81 192 544
229 291 624
124 6 165
308 178 59
386 198 181
251 244 964
353 138 163
216 27 423
275 277 135
187 193 175
275 260 350
318 291 634
217 178 959
245 148 484
25 116 841
48 104 318
212 253 184
350 33 354
235 68 892
70 235 659
233 286 942
44 237 830
0 258 478
245 278 142
25 172 353
219 122 180
270 228 853
129 185 561
96 46 447
211 10 278
117 341 388
238 381 196
245 153 526
77 361 433
292 299 988
73 90 532
13 268 228
141 158 550
232 55 669
100 20 341
224 382 522
159 313 248
353 102 850
233 201 710
375 370 898
216 337 108
171 236 569
111 139 369
112 267 351
209 374 24
105 148 407
348 254 782
198 282 963
335 166 844
149 73 549
222 232 689
109 117 232
10 24 491
380 41 240
271 245 914
371 204 183
261 153 944
274 298 830
82 369 350
126 56 140
263 121 564
328 182 977
268 244 685
190 149 205
288 11 605
188 71 768
257 90 349
134 352 725
188 232 608
217 82 553
225 328 623
205 368 578
2 92 992
168 32 395
68 362 143
23 262 253
285 358 592
313 242 109
67 128 200
263 165 840
397 235 572
315 350 603
359 210 124
36 280 784
291 158 323
292 75 287
277 59 67
37 127 558
21 245 816
280 178 935
53 28 518
147 238 180
258 209 928
202 259 424
191 254 118
234 336 448
28 83 916
118 134 123
282 288 920
104 107 277
296 56 767
344 343 242
47 255 969
103 173 407
28 71 265
302 176 259
80 154 555
240 32 928
279 293 764
339 389 647
270 68 129
197 273 73
181 146 171
330 31 582
295 243 628
79 50 398
63 227 453
133 162 724
332 333 945
67 20 712
235 233 508
320 23 28
184 285 444
238 360 582
221 120 282
191 72 590
231 88 838
390 120 961
74 278 904
212 355 154
63 212 924
313 247 940
62 177 696
223 364 843
130 394 837
132 395 886
292 237 560
241 9 442
22 283 842
226 179 244
1 272 245
322 118 568
355 124 532
195 96 615
307 261 596
339 23 991
136 198 823
375 252 411
380 182 125
114 245 665
201 11 854
125 200 811
205 342 445
367 166 450
16 117 799
153 167 444
230 283 563
332 288 121
27 99 53
388 88 574
323 30 18
320 120 683
398 121 21
379 89 346
289 137 392
109 242 614
161 128 75
293 272 651
344 250 722
170 56 842
10 19 310
102 31 569
392 251 330
157 103 1
189 263 937
32 176 76
46 71 665
370 356 290
367 399 375
45 200 866
369 395 679
392 37 4
101 31 947
221 123 787
43 328 794
45 325 192
316 180 947
37 226 18
209 136 471
397 242 192
114 388 116
96 20 389
60 304 29
78 299 11
35 335 867
346 313 673
234 220 389
62 132 803
342 300 360
162 166 527
300 390 243
167 88 298
32 251 500
223 184 987
21 295 837
208 297 414
9 236 969
115 243 750
294 103 506
48 336 416
251 136 150
186 3 414
4 217 791
123 116 397
363 234 833
147 324 347
143 347 663
27 33 788
232 391 456
374 23 178
245 214 468
224 210 752
145 141 370
15 58 929
173 273 795
274 184 754
385 191 456
142 116 6
93 113 909
311 114 433
117 65 347
179 138 330
212 198 921
375 37 207
237 253 397
262 32 175
147 177 954
256 357 794
293 380 473
66 349 236
113 84 88
38 311 205
285 140 673
47 199 817
88 296 644
340 103 309
209 167 533
284 52 515
204 154 262
384 335 346
228 200 94
309 294 37
243 134 483
176 74 415
146 156 585
343 52 217
88 353 154
315 286 242
107 72 198
166 306 393
109 175 342
46 363 348
88 375 376
182 326 854
59 222 102
261 215 821
299 242 765
199 140 284
122 241 200
68 383 729
397 11 875
18 142 984
201 132 392
354 100 890
276 247 808
21 376 945
76 70 28
273 285 550
169 16 662
73 39 46
105 119 646
60 36 480
39 282 238
127 249 174
215 129 509
78 4 239
241 332 861
226 211 448
33 141 953
278 44 888
306 64 132
235 6 958
13 279 630
366 62 89
61 11 424
249 167 589
325 366 508
50 348 513
366 149 868
184 45 697
82 196 92
183 4 266
29 10 652
160 345 741
301 261 72
280 308 413
69 170 976
46 302 410
280 21 389
106 32 412
255 5 131
187 16 915
212 223 93
46 182 408
111 377 630
302 285 373
63 216 545
350 301 690
266 290 385
356 322 337
24 5 574
310 271 706
153 308 621
359 50 180
361 154 602
388 257 325
353 263 634
116 377 405
266 88 191
292 44 732
323 191 430
135 217 557
76 125 256
270 293 175
211 79 232
161 397 131
4 367 283
