200
6000
40 38 285
158 18 134
17 186 567
159 23 925
57 158 257
12 22 161
109 17 260
116 45 188
74 27 559
108 4 38
141 58 406
4 43 199
144 188 782
27 128 951
79 19 698
19 164 407
199 45 465
92 24 32
72 188 145
149 171 199
112 135 757
62 8 501
109 137 170
128 84 294
27 27 995
165 2 559
74 184 434
151 112 514
41 141 168
161 25 557
91 4 387
126 173 354
176 44 48
83 30 868
15 174 347
96 164 91
21 13 451
23 135 624
122 33 314
173 199 910
58 80 816
152 98 214
196 24 724
117 72 501
93 89 227
159 113 781
92 183 43
82 101 450
191 64 44
130 137 780
180 61 939
51 129 518
138 140 505
194 21 53
44 151 616
157 50 632
51 33 947
19 67 196
90 151 139
184 154 596
188 121 278
181 84 493
27 67 36
11 59 449
133 85 824
102 148 496
54 66 142
194 192 666
199 93 183
65 177 501
115 47 195
21 197 745
177 38 25
141 78 846
124 85 663
135 47 45
183 41 335
12 87 299
91 110 35
138 95 486
182 16 510
168 162 145
136 63 542
7 40 344
147 164 564
147 33 565
32 13 490
151 8 934
80 175 277
177 150 723
46 95 208
55 67 396
85 110 850
196 102 478
112 107 975
77 144 268
189 99 970
148 8 142
67 103 250
15 9 281
136 25 844
141 1 85
164 32 661
73 188 413
82 10 785
96 183 391
55 197 930
23 51 578
179 198 504
90 82 197
130 82 515
194 27 951
69 56 381
133 170 53
141 150 613
188 76 967
98 5 184
187 178 356
84 151 66
8 55 306
12 45 429
146 189 877
3 1 996
197 149 661
46 122 527
40 146 6
134 167 825
45 193 572
68 55 94
93 128 872
6 137 473
193 181 727
176 112 407
108 88 548
82 137 836
150 10 347
160 132 574
169 106 658
68 172 703
4 146 615
58 115 201
146 186 314
197 20 80
42 96 797
152 190 546
122 167 923
122 27 24
136 174 232
37 79 719
99 71 406
124 17 656
40 104 364
137 78 3
69 120 823
137 172 363
149 41 988
187 167 561
106 41 144
5 108 213
81 55 347
120 48 126
177 63 804
177 112 905
33 152 83
107 9 848
99 182 711
81 161 267
4 149 277
153 82 601
160 193 508
153 183 40
18 132 80
127 20 813
46 6 772
50 194 161
161 174 818
162 94 373
44 132 949
90 116 692
172 158 445
123 84 25
31 110 599
103 110 756
40 79 87
40 162 480
165 14 884
120 13 106
184 54 173
159 146 194
99 55 978
111 2 58
180 83 164
167 22 913
104 137 732
19 63 177
28 160 180
195 190 847
159 174 19
125 137 151
182 170 993
14 50 717
57 30 203
94 191 837
177 152 765
155 125 833
37 8 438
66 110 511
186 24 824
27 155 747
85 109 72
77 65 767
76 189 640
155 189 65
52 2 721
102 100 261
112 18 379
149 94 107
127 93 823
74 89 468
61 105 489
25 55 831
112 138 696
7 84 31
183 146 809
88 137 107
50 132 216
25 108 645
15 51 460
147 55 28
101 102 448
49 60 411
131 116 291
61 32 901
59 155 976
20 181 695
162 139 172
186 156 896
34 185 384
119 74 891
146 107 739
137 3 107
58 152 857
125 45 843
114 137 497
121 45 543
95 163 677
163 149 267
20 85 996
116 2 86
123 129 40
100 42 933
116 163 344
195 156 595
39 87 788
19 44 964
194 105 998
186 108 36
140 73 857
32 60 725
165 88 266
76 79 286
76 174 737
82 90 434
91 135 753
119 25 202
52 4 856
100 176 52
163 114 5
7 191 971
11 139 655
26 194 357
14 87 30
158 158 539
114 76 295
171 49 246
125 164 34
122 162 29
189 2 637
132 113 539
195 0 526
17 92 710
73 139 928
129 105 624
141 15 459
174 173 753
166 149 42
73 33 809
167 99 525
146 43 482
160 116 634
81 137 906
119 166 814
147 135 474
51 108 411
71 61 355
123 34 798
65 35 351
18 170 877
1 42 152
137 40 83
9 190 954
79 62 57
64 69 240
84 80 134
78 19 446
115 58 494
106 21 942
72 106 782
105 89 781
45 141 956
93 157 166
136 176 244
103 44 493
196 2 16
71 152 482
120 16 595
181 171 265
68 79 230
49 33 278
140 161 751
76 135 646
183 196 50
151 161 105
134 133 40
69 23 61
80 49 64
30 53 773
177 172 786
101 74 462
11 37 436
33 87 942
85 185 420
14 181 197
99 25 236
98 6 50
90 18 691
86 96 264
78 76 318
119 152 98
80 54 287
105 62 395
139 175 429
57 93 182
89 193 956
156 188 560
142 183 632
178 171 455
121 130 756
153 9 228
57 38 159
79 146 484
163 160 6
139 37 111
151 119 660
152 35 714
131 24 401
156 33 812
142 89 329
107 70 67
73 175 685
60 54 701
103 113 177
157 192 882
138 10 832
132 164 908
143 1 410
124 3 351
2 21 686
72 58 244
128 152 186
142 141 298
77 51 590
31 69 921
188 168 629
139 64 700
45 55 140
73 120 133
122 158 71
184 156 763
132 158 638
94 45 934
40 98 98
87 152 977
107 93 741
11 16 643
68 185 173
21 132 516
17 5 556
17 55 199
104 65 470
193 137 991
46 83 822
174 126 962
190 126 652
164 95 858
77 44 918
109 149 842
74 29 591
160 194 815
62 27 35
164 136 782
105 33 902
141 12 16
115 179 780
53 197 155
78 138 627
133 81 387
50 7 316
55 178 397
193 73 596
110 134 772
165 99 64
88 47 545
42 194 957
171 30 510
199 14 331
55 181 753
122 161 156
60 88 215
125 134 489
13 47 223
165 112 80
88 95 609
87 149 479
49 54 888
177 92 276
152 169 603
194 60 806
150 174 517
112 125 534
89 23 308
184 29 355
25 112 621
198 147 335
35 36 961
122 65 769
126 2 444
100 41 316
128 99 760
2 191 74
62 60 404
46 3 822
173 90 204
191 2 181
151 37 422
77 151 252
43 115 620
174 192 296
73 180 632
66 43 122
80 13 430
56 119 310
23 157 254
85 158 481
70 126 976
66 10 177
116 116 900
195 46 900
63 16 140
46 145 338
143 14 848
111 197 327
132 142 711
157 153 234
82 146 237
135 57 987
21 102 281
73 25 595
95 189 967
25 26 585
8 5 635
136 5 826
34 99 274
120 133 682
102 69 852
129 14 29
44 149 125
29 58 683
26 18 962
29 41 700
81 19 798
146 67 397
168 3 500
70 69 128
125 28 570
152 115 433
128 36 987
146 175 315
47 159 541
33 92 191
1 52 532
159 161 128
131 56 571
7 16 15
64 94 733
148 115 252
172 93 446
62 195 126
91 99 664
70 51 446
68 30 479
9 59 15
74 157 684
85 194 704
153 181 350
11 14 651
71 70 648
178 119 591
127 90 590
88 50 782
68 151 364
15 166 360
22 31 728
152 110 269
50 5 252
101 17 674
68 193 138
86 198 211
197 128 523
78 169 87
172 14 853
63 191 289
19 79 519
141 86 222
183 84 1
25 97 468
132 1 575
197 176 689
48 68 836
113 45 680
174 92 687
84 112 361
180 9 557
125 104 149
120 67 12
173 104 996
24 21 489
174 86 881
85 108 190
7 197 141
8 112 112
166 67 598
31 39 479
56 27 503
99 118 258
144 84 435
147 10 582
93 94 263
99 92 892
46 131 252
54 94 674
188 5 815
162 181 559
51 175 664
95 175 792
58 17 973
99 119 456
85 49 632
4 174 873
134 39 752
121 76 841
137 168 572
57 22 35
70 185 74
156 174 282
63 41 877
146 10 88
161 176 624
101 53 378
61 82 908
74 34 618
59 123 118
147 59 965
8 144 504
139 105 886
74 19 962
123 40 976
61 71 142
151 156 932
122 54 963
136 92 63
51 111 205
69 109 32
183 90 312
71 2 631
115 41 616
32 195 612
121 81 348
136 93 474
3 107 428
103 154 620
111 182 601
6 50 967
141 117 630
67 182 12
194 157 159
12 46 476
161 74 261
154 23 187
66 126 433
199 142 314
118 11 92
192 161 293
166 53 506
103 197 804
32 45 164
194 51 359
155 12 63
75 25 561
52 33 259
166 33 331
93 81 681
193 76 775
72 115 847
34 92 49
1 131 815
136 135 840
150 75 283
60 2 860
8 95 418
165 55 758
3 50 120
49 31 870
25 66 455
98 199 921
75 57 567
31 72 126
106 153 101
196 136 234
175 21 888
69 179 749
71 141 150
162 29 605
71 80 758
139 31 268
168 170 163
156 172 260
161 195 155
67 10 510
37 165 125
138 26 318
192 159 245
23 68 975
74 145 360
111 52 815
193 107 5
66 82 466
65 106 176
159 52 112
21 7 569
66 164 612
66 96 429
47 58 59
87 41 578
70 157 701
105 81 553
28 65 429
151 9 19
24 113 147
129 88 116
20 190 142
162 136 31
88 48 283
178 93 191
37 130 656
29 131 818
134 89 5
123 41 707
26 128 379
89 20 657
129 53 0
47 103 124
28 151 3
65 196 336
107 75 35
45 100 149
185 74 570
19 82 827
49 185 432
143 191 280
59 75 301
59 0 910
43 54 891
176 65 886
84 26 925
14 119 852
147 18 269
95 111 878
22 70 152
116 82 448
193 15 691
7 18 396
80 0 812
17 141 156
5 57 764
50 75 366
77 116 577
54 172 886
15 48 408
80 48 242
179 187 341
195 19 252
137 17 114
135 190 906
1 69 886
97 55 968
47 88 975
26 106 840
69 197 90
131 10 65
49 197 965
136 65 913
2 65 220
31 90 525
85 96 608
44 190 474
63 33 904
48 147 61
27 55 408
79 17 799
40 135 355
15 197 874
10 157 623
190 57 672
72 60 753
185 121 91
48 156 201
117 174 773
104 176 331
12 100 583
77 127 97
5 176 409
13 112 826
83 194 522
92 71 471
46 110 512
50 34 68
58 160 181
73 6 625
166 157 457
178 125 114
55 55 611
18 28 70
184 114 260
120 74 716
97 78 862
98 151 946
106 130 846
18 192 246
10 177 501
197 49 682
15 132 56
69 8 924
20 191 476
153 21 612
132 120 964
64 101 999
105 61 86
123 48 994
94 26 472
163 59 235
157 199 547
109 19 118
114 128 457
118 182 275
178 144 595
164 0 494
60 38 734
129 54 403
172 139 2
198 189 658
153 143 786
41 198 576
120 179 236
108 11 732
141 81 786
51 61 75
156 170 130
170 199 750
7 165 572
0 41 576
118 6 497
2 10 333
183 73 13
129 111 963
104 17 273
111 149 26
63 36 309
55 86 443
154 65 687
176 81 278
55 113 134
56 169 358
70 85 41
166 128 883
131 121 136
40 110 825
17 129 55
129 67 388
109 92 404
55 139 110
54 127 995
42 184 789
90 32 772
101 37 345
54 47 401
170 164 955
196 108 471
114 120 841
31 184 422
89 150 177
65 143 189
9 137 225
191 92 662
199 10 336
173 111 985
154 193 788
39 194 626
6 58 279
171 76 794
41 76 361
30 94 752
1 173 765
145 42 630
109 141 267
129 18 855
140 81 645
116 69 949
29 175 312
195 71 514
137 114 190
121 68 619
33 112 4
2 180 67
178 53 157
173 138 932
193 81 81
73 106 846
168 83 969
112 66 494
64 111 564
23 46 702
19 108 896
126 89 630
76 77 297
156 52 850
148 158 176
166 13 497
73 58 225
67 192 968
169 2 442
0 194 904
157 57 636
27 18 419
57 150 770
181 104 335
182 93 765
194 187 575
102 196 723
20 185 861
34 16 403
5 23 539
78 173 212
24 147 784
120 89 106
45 162 824
54 198 684
83 140 591
47 186 22
72 75 429
149 184 948
78 163 640
139 157 833
117 123 357
156 121 983
123 4 608
1 175 963
50 54 470
87 98 687
131 18 148
103 181 48
66 49 842
33 50 723
184 169 566
150 38 470
151 93 571
0 70 783
26 154 114
85 100 469
188 24 737
176 120 724
18 2 351
180 147 995
32 43 437
188 0 127
6 29 456
37 78 50
53 196 419
175 33 257
139 9 73
119 108 994
0 162 668
76 11 370
169 86 445
38 29 297
118 18 323
32 141 38
53 7 263
27 151 39
55 75 705
24 174 788
45 81 845
12 50 985
126 162 165
99 140 743
46 146 3
65 107 877
153 173 34
120 66 977
161 197 608
93 39 172
185 175 830
166 47 122
63 100 237
5 159 836
141 43 352
157 176 149
20 111 492
94 40 966
101 28 390
146 145 890
55 24 957
122 119 79
18 180 536
132 162 463
70 61 863
91 44 581
119 37 362
0 12 839
156 187 909
117 57 55
111 124 331
71 47 442
144 93 352
167 21 485
122 78 620
122 30 157
105 34 674
59 53 562
104 64 825
23 132 388
163 17 706
29 113 896
11 10 185
35 102 180
95 33 965
103 25 859
82 26 471
98 14 632
8 50 732
42 81 577
89 12 24
116 43 451
128 101 983
137 115 930
54 52 601
135 131 1
17 56 792
12 138 890
155 126 197
75 122 105
53 54 838
41 25 962
156 29 299
170 21 645
186 163 234
121 145 427
26 40 989
94 14 509
137 64 936
110 85 813
120 82 272
123 127 369
94 61 766
31 76 615
197 123 331
36 55 628
151 129 190
188 113 501
110 43 217
19 59 567
47 131 410
157 9 741
161 77 907
180 165 923
74 167 734
176 47 882
117 37 85
82 25 116
101 7 512
10 64 316
168 21 965
181 58 577
100 48 77
25 74 208
155 130 748
49 27 257
188 102 792
27 50 599
130 36 291
123 46 42
69 166 772
115 11 67
166 16 690
26 25 730
172 184 426
182 152 90
35 184 16
46 178 100
113 183 250
84 97 892
150 129 596
186 30 198
181 77 180
18 72 599
66 185 343
20 116 533
157 183 550
188 114 15
196 55 304
67 141 974
46 47 318
22 117 154
105 176 765
18 186 452
76 193 76
163 53 66
50 195 525
75 144 563
106 156 85
32 50 224
199 125 786
51 155 576
129 163 368
182 129 118
49 144 850
113 8 426
155 142 199
128 168 525
183 188 347
152 138 494
66 127 835
27 83 608
169 101 339
147 199 111
118 193 843
130 89 875
194 62 614
117 179 19
121 144 554
164 177 672
4 77 240
161 107 605
151 26 192
50 106 436
136 96 622
149 46 7
181 66 482
116 37 851
55 79 816
138 106 748
17 113 821
10 7 335
134 93 574
152 117 454
43 83 502
100 27 564
73 157 746
192 125 224
72 125 815
115 130 523
167 101 574
43 133 407
52 154 166
120 72 380
10 118 744
16 40 208
65 136 773
53 147 45
185 131 399
78 198 519
80 74 138
59 168 158
55 77 767
45 5 347
193 80 546
114 163 522
74 58 423
10 90 690
137 24 710
89 68 607
155 175 240
125 129 62
51 11 852
106 40 896
80 188 630
17 100 656
89 98 3
93 30 169
132 79 220
87 192 387
154 145 881
101 2 890
199 126 360
8 74 939
190 165 703
14 81 567
73 134 864
13 17 13
111 138 762
143 133 9
10 114 347
178 88 687
64 198 504
5 179 683
101 156 876
91 89 507
65 192 491
108 3 107
7 139 533
138 141 964
110 179 83
166 35 234
136 89 676
16 92 706
111 44 180
8 24 354
122 195 873
121 40 910
150 105 409
7 12 157
65 153 187
166 189 547
148 139 84
126 112 51
170 55 193
17 115 378
70 106 62
105 13 746
125 131 884
36 113 228
152 39 669
100 172 636
18 111 136
183 31 965
68 110 181
10 93 846
57 111 280
131 43 558
94 181 72
196 158 16
79 16 661
55 162 542
117 85 39
32 35 504
152 156 252
181 183 22
138 79 827
44 105 987
121 136 246
160 127 42
132 61 98
151 92 309
147 75 785
99 178 775
157 67 980
10 170 124
19 168 218
11 4 885
118 102 999
108 20 695
127 112 633
45 16 177
13 45 417
101 47 967
40 119 130
34 6 112
121 133 881
132 3 117
156 25 260
29 53 46
63 45 708
187 150 922
15 95 871
78 124 696
184 193 720
173 9 117
126 107 130
123 170 856
100 55 473
139 61 232
145 152 344
90 170 342
13 16 277
172 20 416
135 125 376
114 81 820
146 83 145
46 100 43
110 94 83
57 193 402
20 54 153
35 146 190
93 37 846
112 136 873
37 13 902
63 113 964
141 67 490
158 62 986
28 78 280
157 126 827
123 110 385
20 100 774
135 187 921
103 101 582
17 60 68
94 83 841
150 2 533
135 191 27
192 112 121
164 55 734
125 95 39
68 148 302
42 42 518
36 57 291
83 99 203
176 67 490
179 18 808
150 60 152
183 119 123
137 72 248
134 159 230
191 197 926
29 11 166
67 17 668
38 123 879
155 87 822
40 142 84
155 195 479
46 33 926
0 186 915
75 112 912
110 81 752
76 40 700
39 117 962
196 112 633
21 26 538
155 101 335
128 59 159
70 6 431
45 62 292
121 134 203
10 138 240
137 151 271
149 112 390
174 141 992
64 23 371
180 49 742
81 39 155
151 131 31
78 176 798
115 78 362
148 138 90
99 52 294
183 86 712
143 90 571
177 105 547
87 143 641
122 134 92
132 86 548
178 131 644
52 193 311
183 16 977
177 142 654
114 70 540
104 138 754
183 94 914
54 125 180
160 49 348
0 190 247
168 141 723
53 57 589
66 17 625
160 167 621
72 96 196
126 186 195
157 124 222
199 149 361
77 113 123
46 188 356
181 125 743
169 119 525
176 8 271
142 68 653
67 169 711
24 105 705
190 171 261
20 28 748
32 34 568
179 182 595
32 10 50
100 53 109
30 131 858
29 98 517
180 8 36
121 12 637
44 87 18
30 54 948
90 182 911
23 39 414
150 55 44
48 135 90
131 69 456
1 124 181
155 84 247
115 166 281
22 161 80
56 71 613
25 121 402
98 107 423
67 107 507
155 16 732
32 108 257
131 175 328
39 77 316
122 135 825
123 106 904
101 60 665
189 69 324
164 74 888
136 178 148
116 76 902
55 138 583
146 149 670
89 32 159
152 171 457
152 167 188
103 100 214
163 34 384
1 159 129
167 2 807
176 161 562
164 151 912
61 157 93
144 136 77
75 92 311
84 163 173
41 189 957
132 102 764
15 175 771
174 55 754
186 55 613
155 103 932
19 140 893
74 101 884
33 29 48
123 9 10
176 182 422
12 144 831
163 99 672
127 36 8
78 50 157
24 188 720
144 20 440
90 15 763
191 25 441
80 5 485
91 17 963
124 160 876
199 16 286
61 64 402
30 101 963
159 87 441
57 163 379
141 57 424
83 155 735
199 154 548
171 15 648
107 193 501
118 174 796
152 50 343
181 108 294
108 176 286
146 86 277
6 83 647
24 87 956
83 195 394
157 162 496
178 36 356
117 137 159
142 0 909
78 47 766
196 151 291
52 179 750
45 61 24
49 35 588
81 148 298
145 131 759
54 128 662
166 2 762
126 25 104
2 116 381
138 108 687
133 18 893
32 6 257
67 12 847
190 34 981
62 4 637
162 158 20
150 88 596
179 102 968
117 88 965
116 86 581
0 150 346
182 25 263
64 42 586
57 17 876
161 56 895
183 181 351
106 3 102
151 102 884
195 81 796
106 2 554
30 42 139
171 138 853
108 128 171
187 58 434
135 102 71
68 177 853
22 143 771
94 25 567
143 108 993
181 132 831
74 119 500
0 38 720
110 3 820
24 42 553
19 33 982
11 51 71
72 97 244
162 199 361
109 103 261
155 99 555
40 78 323
149 93 781
105 153 47
88 189 486
195 152 303
69 75 491
103 182 51
44 9 937
26 97 330
8 127 521
135 165 632
12 168 947
46 52 563
187 124 282
156 58 146
168 34 199
123 38 298
56 102 605
3 143 851
118 133 937
32 133 962
81 185 2
7 150 154
129 124 410
120 64 944
135 37 839
127 30 68
118 170 482
88 108 139
189 87 977
162 196 656
113 154 786
21 186 669
172 112 313
123 102 525
118 166 718
31 49 193
26 30 505
109 36 694
184 166 876
103 3 381
145 104 256
142 138 16
139 185 104
46 35 559
171 66 930
100 124 762
114 162 664
77 194 639
188 64 985
12 193 261
33 75 156
191 155 448
109 107 336
45 152 620
78 70 820
57 115 919
9 18 484
155 28 850
180 190 580
142 23 702
166 76 128
0 188 240
75 138 927
132 154 800
178 58 546
181 129 639
34 169 40
123 166 877
118 4 269
10 96 108
58 52 13
52 28 191
181 102 985
194 102 126
139 22 972
142 198 602
151 145 324
43 84 924
87 145 234
106 171 679
176 96 310
6 108 997
1 122 908
69 88 778
92 127 407
168 30 763
100 40 928
128 81 950
99 180 537
89 123 992
24 75 411
33 31 643
180 192 489
194 46 491
74 35 336
26 127 16
17 170 992
144 97 41
118 54 901
19 11 102
22 46 208
97 192 762
70 154 861
57 73 551
83 66 306
144 155 461
123 165 172
34 41 965
19 159 715
84 64 897
7 10 140
146 156 735
86 196 949
140 71 586
68 133 628
130 107 194
38 13 595
69 78 477
36 146 664
44 99 418
198 162 127
148 131 719
44 19 497
184 39 951
119 52 644
187 107 780
14 66 263
94 8 472
87 119 336
126 140 87
119 156 267
86 0 825
111 165 741
49 86 352
22 41 356
78 136 407
179 183 631
122 76 284
29 93 303
146 45 857
82 16 595
39 173 297
126 158 197
77 179 614
166 138 830
168 90 519
182 121 493
35 50 474
153 151 142
24 34 681
64 22 109
127 199 3
160 27 729
13 106 373
102 116 45
2 50 26
111 61 421
190 106 533
114 113 87
4 79 171
131 20 371
98 141 538
104 114 542
79 103 141
17 52 863
66 75 746
22 73 925
87 6 214
47 26 40
29 43 198
171 8 851
155 169 240
54 19 530
163 55 933
179 85 971
138 198 54
146 164 840
105 19 240
48 186 629
13 53 118
195 179 226
21 110 446
160 81 617
122 132 827
111 196 274
55 127 255
192 30 750
47 22 450
133 84 808
124 99 947
12 196 11
167 15 637
23 160 619
114 54 285
180 54 781
75 136 232
111 170 779
188 125 700
187 97 363
79 165 75
105 99 75
111 16 804
78 7 877
19 137 157
157 93 681
170 179 961
148 41 121
18 43 593
182 117 507
91 27 1
155 149 785
127 164 338
57 152 464
92 115 502
103 120 90
56 162 496
46 53 950
2 34 22
9 60 597
187 38 17
64 140 789
159 112 492
14 108 608
161 139 672
92 177 477
48 32 435
46 150 429
138 21 858
53 126 856
109 176 224
102 131 462
134 186 623
163 107 544
105 152 275
77 130 348
65 81 934
127 72 772
75 70 79
59 160 24
198 34 519
68 188 947
160 95 746
169 171 280
154 101 773
138 70 489
52 50 594
57 85 231
179 186 399
23 115 376
30 103 953
188 6 948
134 19 883
91 120 825
133 169 126
78 42 215
76 47 855
73 0 141
87 179 42
159 134 231
10 166 71
41 44 806
157 10 176
60 121 398
163 152 857
127 193 742
196 147 0
58 112 720
112 60 436
152 26 357
33 67 429
141 88 757
175 121 761
2 111 910
140 97 844
186 43 611
191 4 384
90 16 107
156 34 29
179 55 169
167 133 262
26 2 729
63 137 634
169 94 198
10 148 517
51 196 183
11 168 165
164 60 734
189 77 866
135 168 252
192 182 828
170 63 660
170 125 326
126 143 806
121 69 258
79 138 264
126 64 908
174 133 833
124 187 942
124 48 647
30 106 614
156 94 439
45 129 796
196 135 747
165 190 849
18 153 406
86 14 896
122 36 392
128 42 349
133 69 609
146 81 676
85 61 637
144 7 848
78 196 631
116 47 539
133 64 284
141 154 131
175 66 444
67 23 390
186 183 613
93 26 693
53 113 900
0 42 111
13 155 325
154 0 3
87 28 579
167 110 312
26 192 288
106 34 713
115 52 994
47 111 227
167 81 907
143 194 516
116 95 830
123 116 567
75 82 667
136 163 508
53 47 882
140 123 892
183 89 591
161 37 176
81 52 609
83 34 898
185 178 172
55 52 326
169 41 886
113 184 958
30 84 466
17 180 179
153 37 893
34 168 265
162 116 39
179 107 151
96 154 914
42 84 152
122 146 453
39 125 715
170 143 340
60 122 451
133 74 247
158 22 192
146 15 366
0 79 422
75 88 659
1 54 634
60 174 850
190 96 618
4 109 196
97 122 312
194 50 806
131 81 165
196 23 317
181 175 825
174 124 477
47 197 683
141 141 579
30 100 355
12 187 68
187 184 271
21 94 890
57 160 774
6 152 328
115 7 143
56 154 147
24 148 654
61 176 442
84 87 717
93 175 215
24 88 939
138 120 843
124 152 443
165 183 50
63 163 381
52 198 107
30 31 341
33 85 601
102 92 784
129 139 12
110 191 485
71 171 905
144 195 616
152 70 994
120 146 131
24 137 418
87 97 425
126 46 246
147 179 719
168 134 669
1 125 928
57 47 796
132 125 801
46 157 898
132 15 352
6 151 23
129 77 574
29 46 490
75 151 828
81 183 68
104 189 697
195 157 581
53 8 722
47 54 505
191 113 116
94 68 53
49 96 976
20 136 819
21 178 272
71 76 392
114 65 641
86 83 983
164 7 389
9 131 432
166 196 999
129 141 201
175 59 489
80 2 843
189 64 134
113 25 687
103 43 35
42 137 800
59 54 614
66 66 290
168 23 368
89 188 31
91 54 613
108 89 261
69 5 520
150 158 241
114 182 716
58 150 720
75 106 277
80 46 931
0 115 911
67 186 704
51 32 390
81 4 460
24 11 645
84 27 413
10 10 956
35 33 69
85 137 12
2 178 603
107 128 546
101 120 566
190 101 331
124 127 982
181 25 903
42 62 53
164 78 565
47 167 805
162 195 786
139 158 484
1 45 549
173 39 479
181 198 375
194 71 588
192 172 381
105 197 434
9 132 79
195 27 702
100 187 320
127 43 572
47 164 632
92 196 562
6 67 906
166 156 678
66 165 145
6 22 148
184 68 564
180 111 705
23 175 190
165 140 837
186 27 518
41 60 541
193 146 304
79 32 552
62 91 972
119 106 372
170 165 273
172 24 849
26 198 814
87 157 375
15 57 193
146 91 168
40 97 176
92 10 737
63 0 669
108 41 468
90 198 390
158 5 819
138 72 776
197 174 844
34 166 11
170 26 868
94 120 663
122 102 979
16 151 276
120 158 948
1 147 890
138 67 269
67 152 962
138 36 965
58 6 134
31 169 854
23 52 956
142 128 742
187 140 20
83 17 983
172 66 316
102 147 839
146 24 592
178 47 488
70 2 702
139 35 372
15 91 55
163 45 713
15 52 199
69 69 684
91 31 133
105 117 898
42 133 715
159 179 324
54 27 252
54 137 298
65 175 195
39 153 570
78 112 977
154 86 690
149 102 518
99 102 326
104 11 733
84 47 625
69 134 220
190 42 295
183 190 360
195 115 967
59 57 850
45 148 330
189 78 635
24 57 702
144 100 327
71 74 641
37 185 843
128 0 16
121 155 913
144 103 447
179 52 886
90 75 622
31 74 893
176 123 507
144 129 146
44 75 849
123 147 260
47 148 621
78 41 372
153 65 239
22 151 128
90 110 508
145 142 732
81 97 367
21 166 853
15 116 346
109 163 918
127 40 880
37 75 910
174 40 575
33 173 364
16 111 575
77 46 169
41 172 563
170 95 32
111 121 227
168 35 722
104 44 165
150 166 244
112 15 142
21 130 378
162 168 409
190 8 968
193 0 610
32 58 711
166 77 457
63 38 172
140 114 743
22 180 733
97 64 869
191 0 670
45 87 961
140 89 324
173 101 889
37 58 693
99 191 238
138 165 513
179 12 390
35 34 431
150 7 404
104 70 725
96 85 749
131 189 400
166 79 745
156 24 352
190 120 942
193 23 723
181 194 936
147 56 72
82 15 178
43 98 370
78 58 878
176 110 556
157 186 881
182 168 790
166 163 651
151 181 661
114 158 928
117 110 448
54 124 759
91 94 300
35 141 342
53 183 659
185 39 112
75 14 138
139 113 10
158 188 690
10 24 396
197 122 669
34 90 276
40 62 605
141 195 498
64 68 364
150 127 880
159 108 123
72 166 123
114 47 856
85 48 970
116 97 250
133 78 239
104 119 896
37 149 890
136 198 160
150 150 864
105 92 604
156 139 322
162 159 594
39 147 507
136 125 280
157 113 802
132 105 532
72 61 879
43 101 387
194 44 413
22 78 976
165 169 546
16 69 926
133 118 960
146 166 763
175 40 478
185 164 499
16 139 600
187 198 132
17 139 73
121 157 527
13 177 866
155 90 795
124 23 979
111 150 628
184 191 850
148 48 559
129 194 989
153 31 357
147 86 122
158 131 309
63 9 1
114 0 383
88 169 914
107 83 758
136 105 978
90 172 385
112 72 867
8 198 133
179 121 875
25 89 732
5 138 878
153 162 638
113 65 801
92 114 852
145 13 157
187 6 515
20 164 981
113 14 809
84 57 456
63 87 395
35 91 367
129 3 822
22 188 475
38 125 56
131 85 238
13 41 100
63 89 593
142 88 9
160 82 245
108 157 839
28 25 526
145 29 72
197 179 279
177 78 435
90 180 953
143 41 201
26 141 122
147 138 539
58 149 500
5 34 973
131 73 417
6 143 350
57 148 336
34 1 919
41 54 214
53 199 14
186 147 120
166 169 769
177 190 992
15 103 647
147 84 556
192 67 789
110 26 914
10 44 311
25 31 468
149 62 147
102 91 369
3 14 391
25 144 850
26 142 309
115 143 561
84 131 858
196 25 913
45 182 601
67 74 854
140 115 380
65 151 138
184 109 124
182 75 43
89 178 453
130 25 711
139 187 909
124 173 600
146 194 808
71 5 123
132 161 579
96 68 942
156 132 898
14 176 559
142 59 291
177 133 269
103 17 339
9 58 395
97 198 956
175 78 400
17 178 992
168 151 31
186 198 235
58 65 236
193 38 136
71 172 192
196 119 573
31 63 166
190 170 514
133 42 962
52 116 174
24 116 30
78 125 135
102 58 488
119 121 918
102 49 2
39 157 525
82 45 356
137 127 709
58 170 844
89 104 473
11 22 584
39 175 685
180 105 20
186 190 518
56 59 48
186 173 240
169 198 189
43 67 558
154 141 498
53 16 599
37 109 923
16 179 47
184 129 917
98 81 385
80 142 635
181 141 781
0 104 417
144 101 484
95 166 199
181 126 945
50 130 679
121 101 358
60 57 82
124 129 88
171 132 927
157 109 596
31 194 316
140 25 642
98 54 434
114 166 986
145 118 408
192 6 791
82 0 758
155 73 776
156 181 272
0 195 227
6 64 919
50 172 371
23 61 45
191 158 96
180 120 651
55 100 338
73 190 379
125 27 702
166 142 30
68 113 385
150 29 17
48 121 298
26 38 976
138 6 757
149 167 307
10 54 243
97 58 581
37 39 252
100 144 586
126 131 593
0 138 74
116 129 716
72 90 934
147 1 288
194 3 668
149 64 447
182 105 365
108 151 963
28 168 311
184 72 622
49 145 206
178 67 358
97 65 992
155 67 410
66 192 992
6 3 338
90 115 967
183 115 551
167 114 515
72 70 899
154 165 545
179 49 372
69 151 105
194 69 274
27 145 560
10 184 88
161 42 285
36 109 60
62 55 89
90 167 909
0 63 513
198 5 179
193 1 324
84 60 403
61 35 122
74 177 538
142 22 192
137 1 600
78 30 279
62 167 765
101 119 814
58 154 630
64 178 791
49 150 907
82 166 730
106 152 984
78 72 556
56 101 768
147 25 928
137 47 234
32 54 28
22 131 222
18 199 704
167 165 47
144 167 740
156 125 847
44 74 167
48 33 175
42 86 219
69 167 354
165 193 393
69 52 187
22 113 16
133 158 356
45 163 150
138 52 27
114 7 397
128 155 919
108 152 115
106 52 597
143 181 753
99 9 451
148 132 434
190 190 394
37 116 746
24 77 585
107 131 598
111 83 123
179 132 279
144 178 592
175 112 623
73 141 111
117 168 905
10 192 624
143 74 503
37 81 438
162 24 690
83 167 214
151 122 550
55 147 281
158 19 388
25 116 468
102 98 181
171 192 635
77 8 624
104 113 394
17 59 871
122 80 770
10 94 582
77 48 848
164 38 657
142 124 866
147 182 680
40 60 505
58 135 200
186 62 561
22 182 682
182 92 97
63 147 654
21 127 328
12 146 502
158 196 47
11 167 754
124 69 193
180 112 263
98 149 933
127 102 832
88 122 301
121 34 922
38 7 784
23 106 634
125 133 751
135 1 366
66 169 704
135 78 603
182 89 340
166 70 270
98 169 4
61 95 249
165 61 392
0 13 752
34 148 468
180 149 648
169 103 616
172 97 609
65 129 215
4 121 736
186 144 71
25 110 857
197 41 155
47 4 329
188 38 81
75 166 408
61 168 656
113 176 796
152 96 194
130 130 897
141 156 123
100 152 453
10 116 627
166 93 125
78 181 335
140 154 832
127 3 998
3 178 214
2 96 146
90 50 164
10 127 178
5 80 825
35 86 243
36 151 915
140 182 682
68 111 120
149 193 389
54 73 60
94 176 190
184 16 874
141 13 560
19 95 967
36 66 399
175 104 215
20 120 759
85 146 795
79 113 973
158 126 324
77 147 265
11 24 216
107 5 84
195 100 796
15 47 955
13 87 984
76 172 555
89 166 183
112 176 556
71 102 706
142 37 364
178 141 513
54 68 332
102 5 83
132 193 950
140 41 94
189 68 160
42 146 206
101 44 169
150 97 224
41 90 362
95 196 302
49 102 571
76 72 72
47 66 678
186 181 595
134 142 742
182 153 199
174 132 457
8 110 422
154 124 203
197 13 668
85 9 869
96 169 644
44 148 908
100 12 187
44 129 109
70 37 717
10 155 508
190 47 319
173 61 82
32 8 254
141 121 54
0 21 942
93 90 238
101 165 943
191 182 923
19 68 830
182 29 527
101 98 842
10 41 853
105 110 217
134 182 42
134 82 146
44 32 718
35 65 751
17 114 400
25 113 667
35 82 960
6 113 510
151 150 6
103 150 152
83 129 119
31 127 743
144 99 469
36 20 574
42 111 149
186 90 838
75 102 238
127 63 244
196 139 961
70 173 788
120 76 46
32 96 380
137 130 89
188 196 208
87 68 356
169 54 536
23 174 357
76 12 613
143 89 861
19 138 690
164 159 503
141 74 703
102 190 36
34 59 201
64 83 980
181 69 912
42 160 469
50 125 24
53 20 195
92 21 626
169 24 635
9 150 58
176 90 956
82 29 831
179 170 895
10 74 341
60 187 104
180 73 173
190 193 519
170 148 641
189 9 395
68 106 37
184 89 377
154 119 436
65 64 845
30 86 627
66 13 737
183 83 970
75 142 861
130 93 17
86 37 385
6 155 198
40 63 926
163 6 613
146 34 257
31 124 966
24 100 841
172 123 531
198 169 606
195 95 295
43 183 534
50 164 928
133 133 110
26 43 989
75 188 232
33 84 773
9 86 398
26 92 611
72 122 844
136 139 261
127 177 32
100 156 779
133 5 732
111 29 134
1 40 302
34 67 315
102 195 863
199 122 140
21 155 654
56 166 510
125 37 160
182 116 538
70 114 284
38 0 394
164 8 406
179 103 253
135 65 404
152 65 836
175 138 368
130 29 528
63 140 903
30 92 549
170 88 580
111 28 314
156 98 362
62 122 165
13 160 630
199 31 133
195 187 842
153 188 87
13 147 703
9 101 203
61 69 405
146 142 298
61 170 33
198 161 476
195 96 161
66 53 756
91 115 736
165 52 29
5 53 409
61 131 145
161 168 899
1 139 995
172 103 329
86 95 24
72 119 925
45 150 174
16 119 308
94 108 134
125 147 310
165 179 809
115 44 137
23 1 786
101 101 650
14 163 477
43 4 994
32 134 130
181 6 934
143 50 667
95 13 230
108 53 847
115 128 951
172 25 526
46 191 525
0 154 125
104 88 774
64 191 870
92 169 35
93 45 288
155 146 457
71 116 257
101 193 410
108 185 377
55 90 543
71 164 647
1 100 768
52 120 971
16 73 21
69 137 496
51 98 661
90 22 413
42 103 570
104 23 850
174 198 453
171 136 283
83 79 926
118 169 404
76 50 967
66 84 731
106 199 339
134 129 809
157 169 389
181 20 322
41 40 302
23 182 988
39 198 951
49 196 913
27 137 248
71 127 659
160 21 936
193 180 646
59 138 526
108 145 728
110 37 865
35 73 519
66 111 344
186 140 804
36 33 134
189 74 686
49 195 468
83 122 444
107 125 106
60 124 996
174 10 164
167 150 70
196 34 102
62 39 964
161 144 280
172 22 154
54 118 658
65 116 851
37 84 27
69 118 768
127 192 826
0 28 640
29 101 158
172 72 747
178 64 965
137 193 633
155 62 900
42 80 752
97 147 423
150 165 193
149 127 434
124 167 898
104 108 525
21 41 115
55 141 449
12 109 756
115 150 369
162 189 591
76 164 995
68 68 288
87 187 111
81 127 613
159 95 138
78 29 578
13 116 116
147 170 314
99 192 100
58 123 145
70 120 475
48 76 704
39 6 177
60 145 703
57 125 881
19 5 567
120 170 674
48 34 350
62 148 278
145 110 830
105 132 362
147 149 487
6 189 691
176 12 531
49 94 47
105 155 461
170 14 458
32 86 472
49 160 658
81 85 673
170 76 513
56 185 418
146 60 598
7 25 6
175 58 773
88 25 785
115 84 769
82 71 657
132 167 108
146 167 284
191 24 865
194 197 183
79 26 955
148 28 451
134 150 352
101 179 147
87 4 877
65 189 576
159 148 888
107 82 847
175 45 932
187 134 821
189 172 419
193 184 184
189 22 189
156 192 186
45 113 268
69 153 391
29 170 546
183 58 829
125 36 9
134 160 287
132 145 86
66 68 856
57 186 969
40 134 659
44 85 830
144 154 117
33 76 991
58 70 817
192 36 801
22 105 256
127 140 404
138 30 284
169 148 522
188 128 352
198 128 636
34 91 912
193 101 26
36 105 208
59 129 976
51 158 873
199 117 860
148 184 107
2 156 323
64 26 72
158 30 942
80 123 716
56 199 491
57 82 321
139 197 138
137 98 547
41 168 365
69 192 18
61 184 741
26 151 881
99 96 597
45 177 47
91 50 784
16 82 352
133 126 94
80 38 266
41 88 267
176 83 425
170 32 485
63 20 774
73 59 953
192 48 431
135 97 804
156 83 214
158 9 171
102 127 267
159 81 400
1 133 260
114 95 973
71 17 328
180 191 79
192 130 144
33 194 89
19 175 617
116 9 360
166 56 231
138 170 736
118 59 146
156 43 627
145 69 609
102 86 6
38 79 80
59 50 695
150 68 118
198 10 483
106 142 768
112 47 541
136 99 423
121 26 5
136 76 728
176 142 465
25 102 191
39 188 135
103 53 775
159 156 248
79 73 64
156 109 765
179 145 167
1 76 27
90 28 152
193 8 232
98 101 107
131 145 352
166 39 407
173 162 602
71 195 756
111 99 596
189 8 294
175 139 839
106 133 999
81 88 498
77 40 835
108 74 731
23 121 755
163 35 790
142 35 292
113 193 340
101 144 791
159 135 442
168 105 84
154 42 365
121 1 628
39 42 332
74 187 726
195 9 514
67 179 270
172 124 822
100 36 775
28 152 142
85 34 823
103 125 953
35 111 479
143 17 38
162 9 518
131 45 501
170 105 49
141 80 997
176 48 872
199 88 591
122 41 12
189 138 358
98 49 147
108 194 911
26 156 245
199 11 968
0 59 501
13 0 227
13 165 207
0 60 753
10 76 258
97 182 352
55 94 696
93 124 496
133 156 180
78 62 671
23 69 225
156 72 6
121 79 243
69 161 799
147 124 5
188 112 590
183 102 663
68 65 999
150 92 114
21 77 628
103 4 49
76 44 703
133 154 351
48 14 816
107 14 311
3 131 773
178 34 569
177 197 410
159 10 241
131 168 814
77 7 483
64 138 265
132 20 265
20 197 549
110 12 528
47 20 306
35 172 182
142 28 823
182 125 243
11 7 115
105 192 649
108 85 612
192 109 702
123 181 55
53 172 756
0 140 716
143 177 318
150 108 910
90 13 237
83 130 515
5 56 651
71 115 845
95 49 346
148 17 418
197 188 812
51 193 656
193 199 936
184 65 184
90 46 813
125 63 118
123 56 624
40 23 845
39 81 327
115 76 558
157 189 767
28 135 354
112 34 881
93 115 294
41 18 890
79 143 841
34 106 750
122 154 178
23 179 287
18 61 321
87 191 635
73 67 227
119 33 828
89 95 226
106 149 388
132 84 744
102 46 372
133 19 607
186 182 850
97 103 45
11 106 128
47 163 467
144 168 903
108 124 561
81 91 20
34 52 325
45 2 886
54 152 940
12 74 657
119 62 363
131 109 473
93 52 174
179 153 778
48 72 132
186 70 207
19 116 374
177 156 65
136 115 248
126 3 982
197 121 193
47 1 724
193 175 702
160 115 105
152 100 345
94 119 823
110 111 781
167 46 388
15 117 175
139 32 780
124 170 290
28 44 489
178 92 346
6 8 548
198 11 65
142 146 906
29 83 585
181 139 820
170 33 792
199 3 456
121 179 209
147 14 898
76 185 607
116 24 989
106 85 946
175 149 603
82 174 260
57 13 423
11 97 189
116 154 234
173 11 544
63 110 24
61 101 814
23 8 442
136 37 770
100 85 787
160 189 217
112 175 474
82 198 466
151 105 630
26 115 745
161 199 161
2 49 870
26 153 665
157 195 599
188 194 305
175 168 554
153 174 298
93 172 696
78 182 16
138 17 689
118 151 959
170 115 992
115 74 235
46 28 409
54 113 385
191 147 146
44 34 682
185 163 164
153 81 78
174 77 759
65 54 451
166 49 745
158 118 195
194 130 530
141 161 931
178 51 528
22 49 623
48 119 826
173 186 5
28 172 778
162 135 421
75 40 440
120 154 933
34 57 963
107 147 931
71 154 948
194 171 540
189 123 654
52 6 158
186 199 460
168 154 910
7 45 4
83 75 533
113 160 924
183 144 109
101 1 442
107 197 601
165 31 146
108 12 60
144 43 119
114 184 337
0 81 378
171 48 785
76 118 145
37 43 732
124 74 65
184 177 156
28 64 710
135 31 413
118 7 743
160 39 321
149 37 554
72 78 649
86 131 20
7 37 313
34 95 695
42 50 718
106 35 51
92 197 131
137 16 989
64 35 354
181 115 560
155 51 637
41 188 716
170 43 427
14 102 606
152 85 687
1 19 702
88 81 373
170 171 548
40 172 383
93 65 851
40 120 342
81 179 629
169 19 131
68 38 389
69 178 174
198 123 512
112 114 734
181 21 417
87 38 721
132 157 932
99 28 686
20 128 777
20 126 411
43 104 789
173 148 73
98 182 413
139 47 65
121 131 921
39 69 161
6 185 726
160 68 776
58 180 183
193 71 509
86 192 704
89 96 124
3 57 673
30 75 806
0 9 901
75 27 270
34 10 526
159 137 845
71 82 792
196 156 12
43 62 659
60 73 558
26 146 554
21 81 146
7 31 396
147 197 370
51 163 910
56 5 268
49 75 358
167 168 547
39 82 313
134 1 985
180 119 724
83 104 811
190 14 282
164 5 753
71 90 512
97 67 839
139 188 679
38 159 376
111 69 664
131 84 689
143 68 766
85 53 191
159 184 43
118 80 897
69 190 589
138 135 230
132 64 734
100 93 341
45 115 389
168 136 461
11 120 920
65 71 1
76 152 317
176 197 699
27 141 120
72 18 580
106 100 367
100 63 523
152 180 21
29 36 803
145 113 323
164 118 435
86 132 599
61 147 587
103 153 396
145 5 393
86 157 861
159 160 460
83 6 297
143 198 193
67 125 578
92 190 334
139 80 77
55 172 870
147 5 309
130 39 232
19 185 238
75 159 674
20 148 487
136 142 329
40 192 341
163 156 742
105 199 140
147 177 425
1 107 874
139 172 407
64 88 446
35 30 911
81 134 630
0 25 134
10 29 16
86 87 566
91 78 76
127 41 115
40 36 53
112 145 469
15 30 660
153 189 640
96 107 928
28 90 281
27 112 728
55 74 286
102 16 941
44 88 208
137 135 533
30 83 45
157 78 222
10 135 319
169 32 884
138 175 366
32 48 894
152 164 375
144 51 541
167 186 888
87 62 606
194 175 814
97 6 362
113 145 11
146 126 853
2 164 419
150 186 65
136 66 468
192 139 579
154 85 98
92 87 767
171 23 445
184 163 311
117 93 217
14 78 351
104 136 355
175 158 299
127 101 315
166 65 312
43 19 486
151 110 59
126 48 74
166 50 345
14 139 444
179 108 874
177 56 423
176 85 518
50 17 285
45 122 711
197 81 726
189 10 628
17 8 533
153 160 775
27 139 610
28 169 699
5 187 767
12 121 996
72 165 913
89 73 417
27 114 778
158 53 931
8 35 917
193 155 90
60 151 323
199 66 734
17 66 396
198 117 645
127 184 311
125 125 822
28 182 11
67 86 20
115 82 301
68 54 663
82 76 867
154 84 616
53 93 884
44 3 399
75 169 511
96 38 515
72 111 345
108 120 405
90 64 134
195 196 706
149 81 982
101 56 891
170 184 563
62 154 816
117 94 447
173 20 602
88 23 73
107 19 505
195 29 790
98 170 261
140 186 910
124 172 185
164 168 78
139 68 500
65 161 633
6 166 163
42 124 777
98 139 643
34 81 6
136 112 726
54 13 454
171 9 792
44 161 571
159 38 996
148 149 718
81 159 194
197 23 608
29 182 917
91 184 484
53 156 393
40 32 677
108 155 766
198 72 651
58 179 827
71 32 874
107 52 144
67 135 905
193 47 899
159 97 260
106 4 350
2 32 187
20 198 168
148 186 978
43 52 977
185 96 26
23 85 619
56 175 967
54 186 171
180 80 309
65 98 309
29 159 534
112 153 545
38 49 413
78 98 940
195 89 832
2 67 224
111 140 898
166 9 848
59 97 462
9 179 358
103 85 708
189 143 696
174 170 387
197 31 798
152 149 860
198 4 382
53 139 542
80 132 878
99 23 872
54 36 680
167 190 640
175 15 765
177 138 281
113 118 957
154 114 950
192 197 755
101 29 317
54 32 329
150 143 841
48 106 372
40 49 737
139 115 660
175 132 714
114 38 288
7 42 886
111 62 812
55 159 387
23 41 98
25 180 184
95 197 453
168 123 863
51 8 317
124 182 705
82 113 866
186 72 266
107 106 802
138 184 37
57 194 325
26 158 10
146 85 859
139 40 86
45 123 938
57 137 242
169 26 164
79 36 62
32 24 602
27 103 873
107 11 627
126 88 588
48 75 156
135 94 765
115 172 880
5 46 420
58 14 75
20 154 802
172 67 360
102 111 111
12 53 387
14 188 355
24 131 813
70 93 693
114 27 866
0 160 360
161 113 656
187 117 482
0 111 835
20 175 271
187 90 572
103 86 926
64 116 694
0 114 86
133 119 171
128 111 395
71 55 585
51 81 622
169 113 683
163 19 856
195 174 914
30 122 66
83 89 207
127 125 403
177 186 848
192 60 271
197 63 421
184 134 91
11 93 479
171 173 694
116 157 419
179 178 209
118 91 844
73 184 912
60 63 189
113 30 599
40 150 37
66 195 185
126 114 248
137 2 318
149 139 788
31 154 10
15 146 810
168 192 328
195 50 801
119 75 933
136 60 625
57 149 726
172 55 994
26 39 517
47 155 452
10 70 798
48 51 797
64 137 756
88 130 556
146 46 644
51 64 168
145 90 547
178 74 808
37 11 782
113 29 923
25 90 854
142 27 888
57 191 539
36 47 744
149 199 571
183 48 186
20 97 717
122 100 856
43 163 50
29 42 52
69 26 261
149 15 403
166 183 712
72 124 231
4 125 855
133 113 242
63 5 222
172 182 805
156 77 516
159 72 310
67 117 779
159 88 488
117 103 983
108 192 474
194 92 262
40 92 262
143 170 258
76 6 378
136 48 901
163 168 497
42 46 283
42 88 500
113 199 852
60 69 779
172 188 890
8 101 498
61 160 610
152 118 190
169 189 838
158 60 169
114 170 704
89 10 147
3 45 123
179 0 964
154 163 645
101 30 823
97 178 194
137 66 956
69 100 665
134 75 457
177 174 857
106 13 787
156 5 977
195 186 590
12 145 675
10 146 427
66 59 218
58 158 843
37 52 112
199 132 398
101 42 783
22 133 217
151 69 578
18 154 54
40 132 931
162 27 839
134 42 981
125 124 785
127 51 107
22 156 277
21 177 121
90 33 665
30 102 291
9 134 703
179 116 839
149 135 213
190 32 354
110 31 622
40 130 628
165 23 688
121 55 192
11 115 879
144 164 655
125 173 166
159 25 543
114 118 56
10 46 172
20 41 36
109 75 753
146 101 390
28 10 820
24 152 249
160 80 66
134 49 629
114 149 542
153 75 775
198 8 866
161 90 942
173 180 330
94 78 807
126 111 65
7 53 53
98 85 578
159 123 212
134 125 813
17 184 435
182 162 257
30 89 852
140 118 59
179 140 10
86 40 810
7 30 858
183 164 462
117 172 729
30 154 422
152 148 180
123 195 373
185 144 235
7 44 317
191 104 274
11 83 102
154 10 795
38 153 414
83 12 677
47 36 150
83 183 77
21 93 504
58 13 178
175 82 769
62 71 791
105 52 417
111 91 718
86 80 205
53 176 253
135 24 925
171 14 674
112 74 277
128 73 899
113 51 637
116 172 161
66 32 775
180 162 280
40 89 717
120 45 808
50 96 860
146 158 199
89 192 90
198 156 570
1 51 375
121 105 851
95 22 403
34 108 359
107 27 525
118 111 407
141 159 348
138 167 983
156 92 838
162 104 955
105 86 756
125 191 551
12 41 364
127 21 405
59 92 160
4 19 276
15 108 373
81 64 877
91 178 185
29 110 482
15 122 529
73 117 896
52 147 490
76 89 15
61 159 187
13 179 924
32 49 257
43 195 71
166 114 730
25 154 589
167 159 508
14 52 957
95 93 35
74 7 161
3 111 106
181 135 432
43 31 574
177 108 7
100 79 243
12 171 923
175 153 24
91 83 897
160 154 316
131 8 406
198 181 961
150 184 458
102 70 893
33 120 374
137 174 805
188 11 652
158 7 220
115 151 569
75 63 966
55 161 381
115 191 610
120 4 164
126 1 145
98 134 437
31 23 14
157 87 530
190 45 871
86 72 488
142 175 968
31 158 726
155 112 439
137 132 707
30 61 496
186 162 497
100 24 347
74 178 185
30 107 184
110 5 112
128 10 915
96 176 825
149 8 915
102 37 950
53 97 385
185 173 584
164 131 330
76 27 629
21 95 192
24 65 460
106 122 585
9 14 172
117 83 836
34 22 401
57 56 221
194 131 854
124 1 589
184 2 591
89 129 76
186 178 315
78 193 19
0 177 807
179 124 194
75 44 168
20 109 272
127 198 587
142 48 106
127 9 303
85 174 642
27 88 466
161 101 733
196 166 524
131 38 33
68 127 850
42 31 697
199 114 553
16 125 67
72 4 628
104 25 828
38 147 161
85 142 927
147 71 982
75 20 30
92 66 479
72 56 25
71 86 578
138 59 290
180 97 122
174 158 257
121 61 947
194 141 149
162 113 223
104 66 894
93 192 513
193 104 629
173 143 846
37 144 464
32 109 611
78 90 158
45 83 209
128 63 548
154 155 973
69 17 409
106 55 677
146 121 71
29 96 643
2 175 626
7 171 463
130 70 709
35 66 264
95 116 692
154 187 915
45 147 492
149 154 176
68 145 129
31 51 856
89 53 193
3 137 11
142 109 920
18 140 291
28 62 333
7 7 258
67 4 323
195 129 514
162 130 730
36 170 394
4 134 440
158 145 93
135 157 348
75 64 96
57 185 207
59 106 659
163 144 306
133 61 34
12 60 392
119 153 262
87 135 773
56 14 201
130 16 784
50 76 163
126 37 65
110 60 972
9 105 379
199 13 961
136 36 377
98 123 699
198 90 44
166 193 16
113 163 534
24 71 612
109 71 889
28 134 167
117 115 949
14 40 794
173 73 657
152 68 281
124 9 25
115 115 251
58 15 363
190 102 146
39 89 313
125 103 357
147 168 706
86 30 263
176 59 929
8 188 670
192 16 305
75 183 984
38 100 249
189 62 481
163 24 768
194 94 640
86 186 60
193 11 212
5 63 635
199 38 686
199 109 704
21 72 860
160 162 922
97 186 155
75 16 514
55 62 651
118 129 705
47 57 576
95 152 447
158 75 402
193 33 864
141 92 24
148 6 943
70 43 860
191 183 105
126 92 561
6 141 114
44 117 213
195 30 69
82 73 409
82 142 236
124 179 425
150 133 731
112 10 448
183 64 94
18 165 907
119 181 883
8 56 915
74 106 689
123 72 459
89 171 843
54 62 607
70 13 483
67 178 36
24 171 743
75 120 680
87 197 12
191 114 475
80 149 141
180 123 455
184 84 275
53 24 228
18 151 805
118 96 551
4 107 940
18 166 801
122 60 52
144 113 785
56 20 773
120 178 122
22 177 292
159 117 540
132 76 941
57 136 58
8 47 930
49 161 352
110 17 389
196 70 400
120 127 747
184 5 719
130 97 993
197 76 525
129 166 472
78 179 105
122 156 164
10 37 295
158 197 63
83 87 273
173 56 843
175 54 139
186 168 359
91 186 543
27 192 584
72 79 963
32 172 947
92 88 543
107 15 238
77 69 980
157 160 401
37 172 478
25 174 876
62 179 536
171 189 591
141 184 996
185 125 662
3 141 251
132 78 131
30 139 272
154 68 783
105 160 572
100 170 423
176 135 657
167 89 214
115 103 883
70 119 775
31 115 224
130 186 645
155 1 105
42 141 81
109 78 716
190 44 749
38 47 807
149 3 807
23 40 118
84 73 820
179 152 306
56 63 836
79 65 946
81 45 124
0 183 701
186 83 212
186 48 55
67 64 198
87 128 610
49 5 294
40 1 63
193 45 856
70 63 436
66 128 454
120 84 767
38 196 759
171 53 560
6 187 70
142 188 679
136 21 847
194 73 605
23 148 817
57 95 430
96 162 854
34 32 805
160 131 409
142 2 706
53 100 253
98 185 443
50 6 200
198 81 507
14 179 798
149 60 96
2 104 86
93 143 574
35 25 659
38 55 26
140 60 395
158 162 994
0 142 19
99 164 911
168 96 702
84 83 196
106 33 273
65 11 197
56 104 841
20 24 465
136 124 806
183 136 540
155 185 843
99 199 372
53 131 859
137 11 4
65 69 849
132 188 487
111 76 310
111 183 301
22 116 540
150 48 491
139 8 130
28 183 299
134 112 427
114 98 174
67 149 351
132 136 660
78 141 863
176 31 741
132 179 944
42 156 950
65 12 746
100 26 677
72 196 888
192 41 102
121 70 0
76 7 233
185 128 804
188 83 634
79 184 840
51 194 9
112 161 39
157 119 391
49 191 743
26 164 139
180 183 400
80 65 996
81 104 89
149 174 236
65 193 693
18 5 909
76 55 454
123 68 828
25 81 707
186 186 44
22 5 295
76 54 744
55 31 765
107 12 260
118 101 319
165 80 191
115 155 511
17 22 370
4 47 900
62 97 81
39 183 459
172 194 803
194 143 654
127 89 215
69 40 125
56 160 423
179 148 828
185 165 788
188 71 334
108 65 94
109 2 950
168 185 358
45 198 512
13 68 583
91 97 847
171 172 40
196 146 186
11 147 733
154 110 516
58 66 705
176 184 712
96 2 86
71 31 806
143 76 646
58 129 425
52 54 309
97 130 68
112 103 889
165 159 908
8 133 555
38 191 659
146 155 575
183 131 962
4 191 189
170 15 289
174 127 141
178 135 532
6 96 96
50 97 614
158 180 525
84 193 514
165 50 459
180 151 523
6 104 193
116 96 834
132 82 709
9 69 857
146 30 363
121 156 615
172 132 321
139 196 966
30 153 929
141 65 692
38 188 872
60 179 289
39 60 379
37 146 742
175 75 896
69 147 670
128 158 211
192 146 861
115 132 521
156 3 708
113 116 53
15 138 957
168 130 241
22 15 369
197 118 937
80 93 712
189 118 391
163 93 726
161 190 828
137 27 113
87 153 760
4 164 830
110 70 331
113 148 935
150 173 936
31 87 260
118 81 993
37 29 874
128 110 175
180 198 930
167 27 326
0 15 941
58 49 678
160 108 1
194 154 161
147 166 255
174 177 410
27 121 475
62 118 820
38 140 127
172 82 560
87 82 776
33 138 646
15 94 323
91 116 925
192 121 954
163 150 939
126 172 482
22 8 88
120 139 136
65 100 590
190 103 212
117 109 30
181 192 797
165 101 612
103 20 649
170 100 343
42 120 770
29 128 99
134 107 833
194 18 868
9 87 309
165 106 688
108 180 916
59 161 787
149 173 527
171 166 476
186 114 410
18 50 461
97 71 399
87 72 653
59 99 299
94 33 486
1 17 500
137 163 685
137 105 634
121 196 645
65 186 864
80 15 239
124 41 121
130 155 866
139 152 906
65 41 424
194 4 881
9 23 58
138 194 0
118 112 831
170 78 212
46 57 403
153 144 428
43 193 95
77 184 143
138 81 30
21 175 96
77 33 821
152 6 808
92 194 372
182 142 542
132 39 63
115 38 733
132 13 235
60 74 336
68 187 597
180 168 389
36 14 302
156 165 599
153 103 903
19 170 643
54 101 263
76 82 190
158 106 461
184 44 284
21 98 265
159 195 682
170 41 301
36 85 483
142 192 181
94 48 119
170 104 400
14 95 281
81 3 829
8 41 622
24 38 657
101 97 653
84 132 527
170 135 39
145 60 403
173 62 356
94 54 183
163 140 510
119 34 969
195 161 536
48 52 327
138 134 963
10 32 676
100 95 961
41 32 168
108 150 263
138 136 373
30 7 760
48 27 809
149 105 413
106 8 626
178 39 393
136 28 312
184 108 337
86 176 419
194 97 454
93 34 561
32 72 995
77 137 705
182 130 768
21 190 534
24 102 711
47 56 989
65 164 330
16 105 784
53 32 32
60 8 25
95 65 255
70 4 371
10 143 641
1 183 29
29 126 578
56 81 36
145 61 333
60 135 31
109 109 638
108 118 166
117 19 996
44 37 854
12 190 965
132 143 102
140 138 72
78 154 995
69 34 976
182 79 483
60 140 190
130 49 236
93 84 86
108 43 843
88 9 519
154 182 64
62 142 484
188 33 9
22 23 407
158 4 849
187 133 524
128 113 419
26 4 590
168 48 968
57 172 284
135 40 220
108 139 945
93 38 284
4 143 233
123 104 476
31 159 44
180 153 402
190 121 802
45 90 521
98 130 816
175 108 103
36 125 823
16 9 441
186 56 951
8 32 505
186 14 372
63 142 752
9 79 694
178 198 384
129 74 696
54 21 703
182 74 922
6 79 262
56 114 68
80 8 457
8 171 667
3 185 200
168 1 624
42 18 427
11 161 574
35 45 335
70 19 688
32 76 797
73 154 647
0 168 333
85 32 553
70 44 77
192 44 653
68 158 721
191 95 639
37 64 581
199 22 770
41 104 811
106 118 945
195 11 494
40 143 194
140 65 997
82 111 940
168 14 769
120 136 479
122 63 923
92 36 121
114 185 27
123 105 366
141 115 9
198 71 968
107 71 325
11 130 404
46 80 167
30 51 897
4 12 919
114 161 512
74 17 486
139 121 727
47 62 571
83 105 861
60 33 261
140 32 539
168 54 809
71 77 71
102 67 413
50 42 913
29 111 802
129 42 877
80 47 199
9 167 662
125 77 908
8 166 48
72 148 168
161 111 155
45 104 994
100 125 268
114 151 51
159 118 595
81 109 216
52 39 182
134 0 222
45 75 872
153 155 945
192 87 515
126 23 568
158 64 276
119 190 883
3 44 846
84 53 632
184 183 814
168 28 69
40 153 921
107 170 911
45 106 482
93 3 187
37 46 260
100 135 293
176 75 425
52 191 406
21 47 926
135 114 649
163 8 424
16 49 549
15 196 607
59 55 313
134 149 319
64 21 524
102 137 3
36 101 270
38 150 75
3 163 195
90 142 850
191 16 510
77 24 751
53 137 789
88 131 404
162 170 384
94 177 984
3 184 130
44 42 136
12 151 35
74 135 857
161 162 217
60 123 38
9 142 380
73 98 467
109 140 483
2 194 109
186 23 635
15 198 903
118 50 52
75 179 875
68 45 175
160 90 922
143 4 475
5 172 310
113 98 26
134 6 103
161 120 63
156 104 246
19 75 750
71 138 53
70 104 535
86 85 229
35 163 535
154 33 620
50 15 470
74 80 574
46 179 879
57 146 995
143 173 70
44 14 379
118 73 987
21 79 334
187 81 609
198 68 8
66 124 798
4 84 112
175 105 734
78 171 16
108 105 514
140 80 368
58 191 664
190 78 153
49 163 954
165 29 882
21 109 966
19 38 124
94 110 257
105 65 518
30 128 63
132 88 265
113 1 617
52 3 695
9 61 231
78 87 134
112 154 870
14 134 255
35 57 960
22 37 581
64 168 69
131 26 942
34 78 778
187 181 962
122 116 559
16 5 921
128 145 38
81 15 984
31 144 87
12 179 513
19 14 905
116 141 107
118 114 675
44 199 343
14 36 273
65 14 63
185 127 442
178 102 351
91 154 103
129 134 755
112 118 830
126 193 788
63 81 386
127 81 548
102 156 966
97 34 826
0 58 234
41 29 642
4 6 798
7 20 578
87 21 433
170 163 919
153 63 688
42 117 128
160 112 618
33 51 966
41 72 86
3 191 348
146 118 559
88 45 971
65 2 951
155 135 370
199 41 753
195 198 126
140 127 49
6 167 647
162 165 847
6 139 872
133 6 859
66 107 838
21 146 399
117 198 959
182 45 579
69 125 502
19 41 189
140 96 633
171 164 301
164 110 357
16 193 549
144 165 638
94 190 689
19 130 585
71 197 867
199 184 93
183 25 482
135 32 210
178 146 236
65 135 911
82 110 461
128 58 456
95 74 929
180 167 822
19 70 627
173 17 796
90 79 174
78 167 277
47 165 737
39 26 421
110 154 864
122 24 346
47 24 968
132 30 262
193 133 240
53 143 52
54 182 630
170 133 396
37 27 591
110 143 781
71 94 900
84 152 907
85 179 569
88 121 452
132 132 589
110 80 936
8 119 430
65 90 822
142 45 881
152 30 644
11 56 311
164 124 874
122 148 718
167 179 503
196 88 511
178 40 41
141 139 436
13 80 499
26 74 676
62 15 817
83 161 377
135 5 731
122 15 76
54 175 257
128 176 171
81 154 110
33 90 620
147 113 463
186 100 809
0 93 161
130 57 823
127 75 735
27 102 194
71 185 769
134 77 200
74 104 167
78 61 890
190 91 908
98 20 985
171 56 957
15 86 568
108 46 678
104 53 95
56 96 41
146 144 140
186 92 736
54 192 936
81 103 735
124 192 722
142 41 562
8 136 642
159 109 13
6 12 142
78 160 12
171 5 596
72 117 318
76 39 60
96 48 385
164 153 162
97 139 570
14 86 632
16 106 798
31 135 804
163 52 252
153 84 61
91 172 440
34 176 67
83 53 232
147 139 414
185 93 371
187 197 728
182 63 699
16 87 199
18 164 465
93 60 25
83 176 177
48 137 376
132 197 779
134 17 533
52 71 219
106 99 367
176 69 304
120 117 155
106 94 676
139 90 824
23 23 96
77 0 240
43 90 373
48 25 904
93 47 302
58 54 918
60 45 611
48 108 968
46 194 509
156 164 932
32 181 612
113 177 413
24 173 766
43 155 485
97 14 652
153 54 514
47 7 896
93 152 576
90 112 717
157 80 622
135 52 914
109 199 22
197 28 350
80 39 427
12 5 526
108 109 613
72 151 183
137 145 566
30 165 116
156 7 426
49 39 395
160 79 30
166 132 730
93 180 585
171 3 591
146 124 990
94 85 273
108 30 544
184 4 36
185 168 517
71 22 323
145 32 202
9 6 168
48 151 497
158 170 853
29 17 566
151 16 881
25 73 562
135 106 714
26 160 592
191 68 870
198 23 844
197 189 638
87 176 288
59 124 860
141 34 261
181 72 458
183 59 733
2 89 274
104 181 924
174 34 178
161 95 406
156 19 598
31 95 202
190 29 629
23 66 642
70 29 898
58 72 164
117 5 385
106 45 747
74 113 772
171 119 482
103 180 513
15 131 350
82 38 489
75 111 945
127 159 284
125 41 719
48 166 823
154 149 226
123 142 228
182 186 983
46 195 397
38 65 199
187 76 644
94 171 61
122 105 984
73 146 159
106 56 282
49 18 318
193 187 815
42 166 931
194 66 117
104 110 13
4 11 605
156 123 425
115 90 652
13 26 984
22 80 590
84 160 343
110 135 160
153 192 164
85 119 471
15 82 167
155 9 337
99 172 557
178 142 730
44 187 286
65 72 171
177 19 828
1 37 564
178 85 654
6 9 685
5 91 788
134 68 854
120 14 31
24 98 570
53 157 164
11 47 32
104 98 839
46 114 318
192 138 566
144 46 386
130 38 938
69 31 185
47 61 386
22 35 513
32 4 9
20 177 181
68 97 474
135 189 953
20 129 572
127 124 753
124 191 568
3 11 571
21 40 679
7 3 295
196 157 450
188 62 128
63 19 802
187 179 658
91 118 86
98 95 211
53 151 361
142 47 925
182 20 477
27 129 385
160 62 403
31 129 788
197 107 446
47 191 403
38 194 771
75 36 392
117 24 933
36 104 133
91 160 858
52 148 915
50 81 954
157 37 61
63 34 80
152 51 185
188 70 387
56 22 600
129 83 221
143 40 306
157 52 790
119 79 306
20 8 441
121 48 307
132 103 243
22 101 111
149 130 224
115 170 69
170 156 715
75 115 529
67 101 150
50 105 343
129 168 275
188 111 352
42 136 866
36 123 205
128 186 882
83 67 732
23 197 233
28 40 229
197 32 473
182 46 601
90 74 399
114 192 420
165 63 844
196 10 899
95 130 644
87 196 54
184 33 712
76 76 469
99 1 588
18 138 749
129 179 219
99 187 316
151 84 23
79 191 961
73 31 388
106 161 748
99 61 276
160 50 401
89 63 100
159 138 635
162 41 540
157 164 717
117 1 127
159 186 863
145 191 352
68 109 228
111 116 115
72 74 55
13 52 111
114 132 671
167 37 93
69 65 799
146 103 100
94 22 522
51 170 25
43 57 998
136 133 870
9 189 850
186 116 391
143 84 757
149 5 839
32 88 356
59 32 540
114 133 117
121 148 930
138 20 195
111 109 240
36 191 444
181 170 708
5 52 62
13 187 646
36 136 323
93 188 287
194 110 558
149 181 880
193 9 953
152 37 790
9 35 696
37 122 231
128 109 38
142 121 114
48 1 235
108 27 259
45 73 215
61 87 688
164 156 204
121 78 862
72 157 874
177 1 223
172 175 340
149 188 259
139 156 347
0 191 125
101 172 437
43 108 368
44 146 550
189 49 731
115 73 358
77 192 27
90 184 452
146 130 377
22 53 585
169 87 228
46 183 414
58 110 936
101 188 68
195 144 572
44 109 751
147 144 480
92 135 606
101 85 218
51 166 366
156 97 514
77 29 963
78 117 333
97 15 282
19 118 636
87 95 977
118 43 840
95 77 339
167 173 189
135 172 488
138 77 845
189 103 12
196 46 982
66 130 681
150 120 307
79 118 691
137 10 815
143 151 864
107 81 106
157 35 363
97 86 535
30 35 109
125 122 755
17 24 716
25 119 359
101 39 749
97 166 465
166 32 34
110 125 373
35 63 679
23 111 806
76 97 521
162 152 531
65 119 274
126 199 573
31 65 892
85 112 2
82 141 46
43 30 475
65 1 742
63 173 468
49 119 532
78 183 756
16 24 893
166 31 806
190 147 842
133 56 459
37 150 748
174 176 801
181 195 627
15 89 172
77 91 527
39 140 566
147 89 453
84 21 839
69 48 389
54 112 671
63 157 733
137 60 2
0 44 82
192 123 714
131 128 446
90 107 330
175 137 143
82 109 249
159 51 31
17 41 335
124 8 109
158 178 636
155 3 926
182 98 750
133 86 275
27 31 740
193 92 906
166 155 150
50 119 106
7 107 944
27 157 28
119 39 778
48 184 931
14 128 498
67 24 422
153 169 552
61 136 718
146 92 606
152 41 166
198 15 985
188 97 834
97 143 963
197 177 501
100 106 750
39 137 499
153 190 673
173 190 494
168 128 715
188 108 451
97 150 439
1 181 559
4 128 437
148 194 694
146 192 438
121 120 923
128 171 335
47 12 181
22 119 0
78 56 445
82 160 813
74 138 960
84 33 966
25 193 440
0 156 411
141 35 936
130 55 808
77 95 355
97 174 277
185 48 792
43 100 953
114 85 160
94 150 984
97 104 140
169 108 548
33 6 777
23 170 44
88 78 872
126 164 723
178 101 723
51 150 247
89 142 496
174 41 667
164 176 323
77 132 943
110 78 161
94 92 874
135 148 217
79 123 185
103 52 404
194 163 467
26 5 120
40 184 431
41 123 25
99 123 357
139 2 801
128 33 440
156 182 200
124 163 192
70 175 563
181 144 674
192 188 64
71 41 87
20 145 448
187 151 154
43 89 21
23 16 536
35 116 117
162 86 185
128 175 125
36 111 925
21 4 687
101 88 278
41 19 996
19 149 405
103 81 110
100 103 317
62 76 669
144 119 960
194 9 171
36 171 462
158 56 722
81 175 385
143 188 498
127 46 13
132 126 653
59 18 584
163 177 305
44 186 220
86 42 835
150 98 374
9 33 759
2 101 111
116 31 608
70 83 40
117 127 712
59 28 24
35 28 540
161 8 795
125 73 10
158 39 696
49 104 749
127 29 6
131 184 655
35 75 388
101 117 908
90 175 957
193 60 498
170 120 109
147 7 666
3 20 398
85 167 693
118 39 345
85 140 343
32 67 317
40 48 460
63 138 532
131 133 316
7 33 286
24 110 819
127 120 973
146 79 474
135 82 406
142 99 20
182 36 571
126 14 179
145 101 598
190 176 425
126 110 138
38 183 104
193 183 156
105 37 961
37 61 808
48 117 271
120 0 760
50 182 805
84 140 839
159 76 695
4 67 272
121 150 256
180 109 934
24 164 854
62 84 840
108 140 18
114 59 81
162 36 946
130 27 203
19 148 970
174 182 716
64 106 619
109 151 363
11 131 259
107 95 246
96 98 461
186 13 183
174 37 883
174 129 185
71 114 194
71 160 50
99 98 44
198 153 849
23 172 904
58 31 429
30 199 565
173 134 150
178 90 641
22 67 631
63 23 228
92 50 888
151 143 918
67 72 919
58 146 221
146 6 53
107 53 680
1 7 662
106 114 760
118 167 238
179 133 65
183 129 572
106 96 822
196 125 327
45 170 756
7 194 887
115 1 368
189 21 177
144 132 871
49 175 591
8 147 744
1 62 542
197 113 260
97 92 675
163 77 220
192 45 738
182 10 561
72 3 910
98 34 555
3 76 371
60 149 238
67 92 809
8 137 60
153 33 395
21 157 118
151 118 67
30 57 623
15 130 800
150 24 857
35 168 958
112 58 899
168 64 885
33 147 521
192 143 887
141 113 75
104 184 900
183 184 551
183 123 904
102 13 219
155 181 594
35 154 796
76 71 211
168 25 793
127 195 334
13 8 529
136 183 242
129 106 503
185 72 394
39 55 447
120 1 613
149 115 54
48 46 342
178 28 756
52 68 268
136 110 578
23 105 846
0 45 45
193 193 295
144 189 112
160 102 515
108 69 438
70 87 575
180 11 939
25 123 999
100 140 283
70 8 933
84 170 179
194 31 984
133 73 554
105 145 444
79 144 628
144 0 528
72 62 851
106 125 56
109 67 959
83 173 641
195 142 373
147 190 880
117 96 220
189 130 711
136 162 54
197 79 362
107 88 434
104 8 180
124 142 112
174 121 145
146 71 906
130 160 445
141 55 991
78 2 245
104 45 108
61 65 389
83 42 616
19 125 816
72 126 663
111 57 391
115 67 177
189 5 453
88 3 145
74 194 635
78 142 770
135 71 509
156 8 486
42 169 478
195 32 483
17 39 950
41 39 635
108 6 626
169 173 113
38 85 120
189 1 483
2 53 538
145 115 311
153 98 315
156 177 666
160 171 706
103 27 282
7 122 677
154 72 194
188 86 779
40 155 892
28 87 812
104 128 93
16 164 290
130 99 393
1 155 27
12 114 976
33 181 58
149 195 598
98 128 735
103 172 875
55 44 735
122 14 671
177 4 448
93 181 71
148 119 99
120 6 453
15 161 14
142 191 380
134 53 277
111 39 249
64 14 173
73 39 374
159 183 16
179 189 636
67 20 742
144 159 219
196 66 170
9 47 922
75 154 312
148 168 350
143 146 11
138 9 352
114 33 874
9 10 854
59 9 31
47 49 960
162 48 345
119 104 955
61 77 820
159 94 618
183 125 644
198 135 591
180 132 742
120 112 955
148 165 43
181 87 985
174 156 163
175 86 593
119 78 596
67 5 703
168 32 576
162 109 831
40 72 510
76 124 785
65 162 921
28 185 456
98 158 255
102 143 902
54 35 97
20 101 575
183 75 207
21 25 226
185 153 411
129 118 920
141 31 782
84 169 637
137 191 809
165 43 311
177 135 819
24 198 694
12 158 534
60 13 820
30 186 714
66 72 820
95 165 620
102 65 974
101 192 999
108 70 230
114 190 537
138 46 933
24 175 298
69 195 701
198 190 591
3 118 921
57 62 633
116 186 676
100 161 801
41 94 461
157 85 261
189 166 840
120 9 733
2 100 742
166 179 539
154 129 656
135 139 168
86 125 895
18 83 189
139 171 68
84 69 131
109 135 718
80 134 168
40 95 966
193 16 394
179 19 7
159 55 756
148 191 578
79 42 694
182 91 212
28 116 336
102 192 800
31 84 969
179 142 474
169 170 816
19 65 446
186 121 575
95 86 745
57 24 530
36 10 225
7 59 644
38 25 142
55 165 102
120 188 401
188 14 563
26 46 69
0 20 996
36 52 917
14 43 89
165 173 621
120 121 458
178 190 872
122 16 743
62 130 799
187 113 351
43 75 761
57 54 751
88 193 437
139 6 634
63 139 691
39 90 975
192 4 609
60 181 132
97 36 961
0 40 430
97 4 628
56 111 691
26 68 423
41 84 661
91 114 741
184 174 231
198 163 50
137 86 428
137 177 405
83 191 849
192 127 282
183 151 368
141 146 839
103 121 921
168 158 235
23 28 427
18 78 753
167 90 397
184 1 587
195 106 392
8 17 114
27 185 836
30 14 167
149 49 646
194 35 349
77 53 172
94 84 833
199 123 38
129 172 555
167 92 498
34 66 833
132 128 158
163 58 66
197 48 766
82 50 167
122 123 17
64 71 814
100 4 439
192 199 149
46 116 68
189 37 605
11 50 115
164 15 814
170 162 136
56 94 613
195 28 666
119 18 583
88 173 557
46 10 403
189 148 338
26 44 24
195 70 353
134 4 710
77 66 845
181 93 410
11 159 332
165 184 666
172 64 979
44 171 101
190 10 352
198 194 263
169 29 684
95 38 865
15 151 18
89 28 107
31 28 862
48 165 213
6 87 474
88 155 32
192 111 295
47 132 745
185 7 992
13 5 116
51 84 912
103 160 598
115 0 465
43 122 316
12 108 228
158 150 945
113 3 964
38 36 623
195 166 694
156 179 568
29 89 282
115 64 520
62 41 97
52 145 258
180 143 716
98 110 563
162 118 106
176 118 418
16 15 533
45 125 755
0 47 431
184 144 519
11 146 775
151 31 746
193 37 493
44 189 670
11 11 479
93 55 926
124 72 989
162 192 160
179 99 52
61 67 858
26 93 406
120 142 284
90 177 513
149 6 694
62 50 762
194 34 864
114 88 382
103 146 529
101 66 959
82 97 212
20 104 913
22 60 509
20 65 826
66 20 110
33 54 916
152 54 601
39 9 758
38 110 258
42 122 447
69 0 250
79 170 713
170 27 261
45 196 759
199 192 533
92 167 504
85 114 653
139 136 408
84 76 354
8 8 866
21 194 667
181 137 958
83 84 612
84 185 678
89 48 3
198 37 377
92 9 351
189 178 402
123 196 226
43 12 935
42 3 395
137 150 26
148 81 892
95 8 244
28 6 683
41 79 225
195 193 929
150 126 653
138 28 912
174 169 442
47 140 471
30 98 693
160 9 940
148 118 977
106 160 782
13 119 447
56 13 376
55 182 258
66 138 402
71 48 549
116 67 657
3 180 969
178 140 461
62 198 158
87 194 469
151 146 823
172 180 923
39 131 287
16 190 657
7 129 563
123 87 190
142 63 129
21 167 990
24 66 879
124 78 922
73 150 9
27 20 716
46 193 187
50 46 583
45 70 76
116 21 441
113 67 497
109 0 450
172 171 762
174 28 74
171 39 587
69 44 362
64 108 885
54 171 125
135 76 754
8 37 695
18 25 130
191 123 244
115 22 104
54 78 179
139 85 902
98 148 111
138 111 518
27 170 219
169 166 701
147 150 630
180 90 609
1 192 38
55 106 355
126 145 232
11 60 205
120 171 895
61 139 853
151 121 697
106 47 479
178 114 179
141 143 530
141 111 814
86 38 884
149 42 350
12 70 350
165 118 915
182 80 494
114 188 956
69 85 619
11 19 503
90 57 160
37 129 191
141 70 50
31 137 15
177 178 798
154 5 942
140 172 987
188 123 888
167 198 823
81 147 489
178 199 731
9 9 655
107 171 372
1 184 639
20 83 834
57 28 849
113 113 63
30 46 533
14 15 964
185 133 687
147 184 725
60 156 122
67 119 420
153 64 604
77 161 760
4 48 461
52 72 43
89 39 281
40 103 752
138 118 929
199 141 587
165 107 586
143 123 321
111 65 798
29 116 650
140 178 89
188 12 150
153 41 637
125 121 205
155 47 348
72 19 362
121 137 22
166 10 950
38 189 330
8 66 748
68 194 294
11 40 550
20 108 9
80 186 512
3 119 209
122 18 328
14 198 589
123 3 482
174 123 568
143 145 972
86 153 695
162 140 741
61 155 771
58 32 13
70 0 928
182 127 413
105 136 128
20 15 133
174 0 875
161 93 457
25 38 349
142 193 354
129 82 283
179 141 186
68 98 46
138 162 315
140 48 537
85 35 963
140 36 799
23 100 461
14 185 777
71 182 442
187 190 878
97 144 74
23 127 754
117 160 341
137 146 339
189 83 53
29 195 54
24 30 491
16 12 920
187 49 867
199 189 382
83 119 809
50 28 836
79 28 403
158 112 656
75 19 552
63 79 462
189 106 273
86 77 661
96 167 341
44 47 822
109 56 647
190 64 163
143 25 0
93 41 466
188 144 576
46 38 208
182 21 54
84 157 167
45 169 692
181 90 336
123 10 342
19 144 903
26 51 56
180 174 262
194 53 591
170 187 843
135 45 480
103 156 881
10 86 124
75 198 871
64 19 228
190 53 597
146 143 648
10 15 243
112 122 100
3 99 616
59 45 421
165 160 109
42 175 78
60 198 918
13 89 495
120 197 410
72 89 271
17 188 519
169 197 168
134 115 618
4 131 982
134 23 182
151 149 4
134 135 472
92 189 48
128 132 598
46 30 599
117 86 988
157 168 91
36 175 369
88 142 179
120 174 94
188 20 110
15 61 369
88 29 509
57 8 699
131 114 739
28 63 114
39 99 341
28 81 368
79 75 715
119 194 371
143 131 167
89 176 16
35 6 280
40 136 377
60 59 716
172 102 942
183 104 580
59 132 138
191 85 315
114 69 574
172 3 741
122 118 788
142 172 327
51 137 473
193 82 146
88 150 863
51 70 758
57 35 613
163 75 308
175 31 11
33 48 447
41 117 362
198 150 779
19 13 108
46 155 360
143 99 641
1 46 413
147 131 195
132 92 628
65 184 286
22 111 67
6 99 591
159 101 70
100 22 377
137 18 700
145 76 904
112 56 376
179 127 686
18 114 281
173 34 744
137 152 510
147 99 272
64 34 857
161 109 697
59 137 179
196 132 764
171 74 165
77 38 55
11 49 82
129 115 648
186 98 845
128 146 451
140 130 333
90 179 871
196 159 963
43 24 787
166 190 45
147 19 919
134 38 40
166 131 892
182 110 105
189 95 468
162 124 523
17 99 540
95 176 988
171 118 912
8 106 258
193 95 569
71 132 533
198 183 720
71 44 92
143 199 975
61 137 601
168 190 544
44 69 13
24 107 383
55 175 604
25 8 943
164 116 400
103 65 250
177 31 706
116 142 246
82 172 560
4 27 550
43 18 769
96 25 605
18 41 827
2 23 22
25 172 986
167 102 582
125 135 527
48 69 672
169 195 331
121 198 253
179 199 611
22 122 152
2 64 190
9 34 806
79 199 727
10 197 868
14 19 666
43 29 850
8 34 557
