40
640
18 28 72
14 23 435
24 13 78
19 9 336
18 14 772
12 10 406
8 35 817
27 32 11
35 28 572
16 16 476
15 21 708
30 32 204
21 16 979
0 12 538
31 33 986
37 27 485
33 14 783
32 26 427
0 9 928
28 27 739
17 10 325
34 12 73
17 14 328
22 35 40
11 20 823
9 22 862
7 29 48
33 17 991
3 14 684
24 37 428
9 16 520
16 15 760
5 12 858
34 10 197
9 12 465
28 0 989
34 34 108
25 22 923
24 5 189
19 14 851
29 0 43
0 14 58
14 12 824
21 21 622
2 37 604
15 7 202
9 28 466
39 32 421
27 27 674
35 18 613
34 24 599
29 6 449
24 24 697
39 7 648
20 6 389
35 10 892
39 16 734
25 23 37
29 18 515
18 29 611
21 23 213
24 34 249
36 12 828
14 27 29
35 34 323
28 26 623
26 25 757
14 38 134
29 7 969
28 36 324
15 19 313
16 35 284
12 32 201
26 12 631
7 18 484
22 20 341
33 31 570
6 19 409
30 15 815
38 29 403
23 39 585
9 17 575
1 10 142
15 22 300
18 23 34
16 33 964
27 3 884
37 26 908
19 26 83
16 24 318
1 12 297
13 26 829
8 32 284
21 35 789
3 16 691
27 23 748
10 32 263
0 1 650
4 3 575
20 14 21
11 4 108
13 18 950
13 11 746
10 38 584
10 34 391
10 15 951
16 22 587
25 6 608
30 26 510
16 37 993
36 11 614
10 33 19
2 4 578
8 34 795
33 29 141
15 27 286
8 39 313
31 3 788
39 11 96
1 18 441
35 35 299
10 23 749
15 29 164
36 17 780
3 38 247
14 35 938
7 23 36
30 10 773
36 18 647
20 18 800
3 29 908
25 17 64
12 7 314
2 25 843
8 16 728
2 31 463
13 25 680
38 16 934
15 34 63
38 20 560
30 11 9
1 14 684
12 30 478
3 26 172
1 9 77
38 30 427
11 2 571
17 16 238
8 29 377
28 29 332
27 14 369
17 21 156
18 35 510
28 20 407
33 39 839
0 0 406
31 34 500
38 11 408
25 13 589
6 21 105
26 22 584
11 28 155
9 21 570
6 34 555
0 29 509
11 1 96
38 5 204
27 31 424
10 3 374
5 27 330
9 2 353
3 32 566
8 23 868
35 0 844
29 14 96
27 1 629
32 8 509
21 32 348
38 3 712
16 29 551
25 25 834
32 0 75
23 18 401
39 13 797
36 1 885
28 16 983
17 20 386
13 37 96
0 8 73
38 12 736
33 30 397
1 21 362
17 32 162
36 27 27
18 11 167
23 2 619
22 4 738
24 29 553
34 2 226
1 15 912
5 16 511
20 35 852
37 2 997
15 36 186
30 28 923
28 11 234
24 15 301
2 30 786
18 31 330
28 31 860
26 19 897
22 34 12
10 30 678
12 39 751
31 28 958
6 12 38
11 14 111
29 37 921
4 4 403
17 11 172
28 32 62
20 0 687
1 3 36
34 33 359
30 38 781
23 37 917
30 0 202
4 35 290
13 21 15
36 36 818
1 6 757
7 5 467
36 31 309
32 28 500
24 11 549
13 30 540
30 18 125
27 17 977
16 32 215
20 5 560
25 3 67
25 20 679
27 4 929
0 38 193
8 0 542
38 10 411
20 38 419
17 33 201
4 23 300
15 33 934
3 0 908
6 23 972
30 2 236
35 5 216
26 27 318
27 39 480
4 7 776
3 10 691
26 5 650
6 16 141
4 13 447
11 39 46
19 28 995
17 38 99
4 33 953
33 24 665
32 25 513
3 36 396
32 9 93
0 16 223
7 37 431
19 32 830
30 29 392
33 1 426
30 37 448
30 30 798
14 13 683
26 17 267
23 23 86
21 17 486
37 4 916
9 25 932
36 5 295
6 25 201
14 36 984
12 18 841
37 13 657
26 38 136
22 8 717
0 10 647
2 1 683
2 7 76
30 1 794
5 18 559
38 39 223
20 22 953
5 38 701
9 39 71
29 27 267
5 26 946
36 22 210
21 18 179
4 12 492
1 13 472
37 8 902
16 23 398
15 31 77
21 37 468
34 28 811
28 8 785
21 39 565
27 22 686
20 20 185
13 22 304
24 8 546
34 5 727
10 29 79
18 19 186
18 18 726
6 39 294
6 2 300
37 19 249
16 12 670
14 29 280
12 15 718
23 9 557
37 15 353
3 31 66
30 24 508
32 15 26
35 1 645
28 6 843
21 15 162
27 11 808
39 35 201
7 31 540
39 38 818
0 33 401
21 38 480
24 21 11
31 17 307
26 39 517
20 31 327
1 39 233
34 4 976
39 28 913
31 9 15
24 30 377
37 18 789
25 4 588
22 21 302
18 24 13
0 30 433
31 13 163
24 35 658
4 14 155
4 6 276
7 36 129
0 5 756
18 7 942
8 36 146
14 34 375
24 14 614
33 7 841
28 3 432
8 9 425
37 9 75
1 36 410
36 33 887
36 14 933
39 34 750
30 33 2
7 22 262
35 30 623
5 37 8
1 11 774
0 35 945
22 2 818
14 22 896
10 22 513
38 6 83
14 7 105
35 25 401
13 7 178
26 4 93
23 4 334
12 36 233
10 24 392
23 16 463
4 27 558
31 39 613
38 31 138
1 4 486
14 31 689
8 1 129
20 8 741
37 30 655
18 32 885
19 31 368
36 25 867
15 10 219
20 30 344
15 9 533
2 39 981
21 31 784
20 21 11
15 2 396
9 0 999
23 19 139
14 15 285
5 19 393
22 33 986
26 33 409
37 25 136
27 13 979
30 21 260
14 28 710
25 8 664
17 30 855
38 7 273
34 19 198
28 7 540
18 30 956
7 20 498
4 15 257
27 9 336
24 32 324
28 1 722
17 19 236
39 29 12
24 39 377
5 35 948
30 22 870
10 7 322
7 38 771
30 6 878
19 38 401
24 28 585
33 22 477
25 9 953
29 11 850
2 0 899
34 17 644
21 27 429
26 35 3
39 30 637
7 25 227
18 13 981
9 8 702
27 12 337
1 27 940
12 0 964
12 2 136
15 16 211
7 15 148
25 33 861
12 17 485
24 22 205
27 25 894
20 3 41
27 36 570
27 29 311
29 12 779
30 39 927
31 0 117
27 10 475
20 4 495
39 15 913
7 11 14
32 16 765
10 11 322
37 22 181
14 1 379
22 32 989
16 11 534
0 11 723
34 6 743
37 1 944
24 9 847
35 23 36
21 12 160
6 33 536
19 34 455
18 1 299
1 32 615
9 29 144
7 8 675
9 9 276
7 9 245
36 34 879
22 23 790
38 1 444
4 36 159
13 8 580
36 32 781
26 11 484
21 14 641
20 39 121
31 23 981
18 4 600
11 5 987
34 0 547
17 39 121
22 9 746
19 3 583
5 39 177
17 5 252
21 29 431
7 16 531
5 6 413
25 29 159
19 11 291
29 1 422
37 0 921
28 2 833
18 8 14
25 0 805
37 36 512
29 17 885
21 20 806
31 19 917
5 2 356
21 24 119
34 27 574
17 9 320
38 19 477
12 8 917
8 33 304
36 38 713
0 27 754
39 0 768
27 7 406
3 28 352
13 36 3
10 27 690
13 12 210
34 16 296
28 5 771
3 35 356
23 34 570
33 26 375
39 20 678
37 12 348
17 8 145
5 8 731
8 37 119
26 1 692
20 17 574
28 14 967
20 23 795
22 22 892
28 24 268
32 5 95
1 2 116
3 23 419
26 18 168
21 8 266
10 4 592
22 5 863
10 21 179
20 11 150
34 26 606
39 2 849
32 24 410
30 20 262
36 28 467
35 29 254
9 6 376
38 15 799
10 39 340
16 28 701
37 37 516
12 9 390
29 35 87
7 26 837
3 6 880
2 12 578
9 37 874
39 19 170
10 5 265
37 11 42
4 10 621
37 14 481
1 23 677
11 24 2
19 6 0
27 16 51
23 15 186
29 38 618
8 18 736
33 3 551
6 36 995
27 20 618
20 27 598
8 3 705
34 11 254
34 9 107
11 9 560
32 7 905
11 35 901
28 23 290
14 6 136
11 8 414
8 13 824
13 1 627
11 36 28
38 2 681
29 31 359
25 31 916
27 15 591
0 21 314
34 23 363
37 33 234
38 27 44
10 0 196
24 33 571
0 22 360
13 28 879
37 21 540
20 19 357
11 23 777
23 29 878
29 22 912
34 20 792
35 15 689
37 6 441
19 18 752
15 13 979
13 31 763
4 11 657
11 22 992
3 34 5
29 4 448
9 18 161
5 25 101
26 29 209
30 5 407
33 20 891
32 37 819
18 21 661
