
Result short path:
0 724 701 470 413 436 316 451 571 709 
439 0 417 186 371 559 449 167 287 425 
695 319 0 505 457 858 768 486 606 573 
253 550 231 0 666 373 569 543 663 801 
526 707 531 544 0 487 807 525 478 404 
573 807 551 320 481 0 399 301 421 559 
407 408 385 154 339 527 0 135 255 393 
272 569 250 19 204 392 282 0 120 258 
260 584 265 66 84 423 329 47 0 138 
122 446 127 140 158 285 403 121 74 0 


Result predecessors:
0 7 4 8 1 1 1 7 8 9 
4 0 4 8 9 4 8 2 8 9 
10 3 0 8 3 10 8 2 8 3 
4 3 4 0 1 4 1 4 8 9 
10 5 10 8 0 5 8 9 10 5 
4 7 4 8 6 0 6 6 8 9 
4 7 4 8 9 4 0 7 8 9 
4 3 4 8 9 4 8 0 8 9 
10 3 10 8 9 10 8 9 0 9 
10 3 10 8 9 10 8 9 10 0 

Time : 0.000016 s
