
Result short path:
0 665 796 598 649 734 505 744 677 551 762 282 613 811 784 840 632 800 701 414 
98 0 302 417 626 215 482 225 660 528 618 380 590 282 265 591 730 135 630 391 
128 340 0 273 324 409 180 419 358 226 316 410 288 486 459 515 712 475 376 89 
306 418 198 0 522 352 378 362 556 424 514 588 486 492 402 242 910 272 574 287 
481 564 373 175 0 527 553 537 666 450 624 763 512 519 577 417 1085 447 749 462 
164 66 368 202 692 0 503 10 518 414 476 446 476 140 50 444 667 201 415 457 
258 160 291 93 615 229 0 239 299 46 257 540 108 306 279 335 532 295 196 380 
242 144 390 192 714 359 493 0 508 501 466 465 563 130 40 434 815 279 405 479 
257 159 450 379 707 228 286 238 0 45 122 539 107 335 278 621 608 294 453 472 
212 114 405 385 729 183 585 193 701 0 659 494 62 290 233 627 844 249 598 494 
247 149 392 257 716 218 164 228 42 35 0 529 97 325 268 499 650 284 360 481 
572 474 776 842 1100 689 749 699 627 620 585 0 682 756 739 1065 350 609 945 865 
435 337 343 473 667 271 523 281 701 569 659 717 0 228 321 647 938 191 686 432 
621 523 654 456 736 566 363 576 662 409 620 677 471 0 616 698 895 658 559 743 
280 182 484 546 808 397 453 407 468 461 426 562 523 90 0 755 912 317 365 573 
64 176 197 235 521 110 142 120 441 188 399 346 250 250 160 0 674 30 338 286 
222 124 426 541 750 339 606 349 637 652 742 504 693 406 389 715 0 259 754 515 
244 146 167 282 491 80 347 90 525 393 483 526 455 220 130 456 747 0 495 256 
249 151 453 287 777 85 225 95 103 96 61 531 158 225 135 390 711 286 0 542 
349 251 382 184 235 320 91 330 390 137 348 631 199 397 370 426 623 386 287 0 


Result predecessors:
0 10 4 7 20 10 20 6 1 7 19 1 10 7 8 4 12 2 7 1 
2 0 18 8 20 18 20 18 11 7 3 1 10 2 8 18 12 2 15 3 
3 10 0 7 20 10 20 6 11 7 3 1 10 7 8 4 7 2 7 3 
16 6 4 0 20 18 20 18 11 7 3 1 10 15 8 4 7 16 7 3 
16 10 4 5 0 18 20 18 11 5 5 1 10 5 8 4 7 16 7 3 
2 6 18 8 20 0 14 6 11 6 19 1 10 15 8 4 6 2 15 3 
2 10 4 7 20 10 0 6 11 7 19 1 10 7 8 4 7 2 7 3 
2 8 4 8 20 18 14 0 11 11 19 8 10 15 8 4 12 2 15 3 
2 10 13 7 20 10 11 6 0 9 9 1 10 13 8 4 9 2 9 9 
2 10 13 8 20 10 20 6 11 0 19 1 10 13 8 4 12 2 15 3 
2 10 11 7 20 10 11 6 11 11 0 1 10 13 8 4 9 2 7 3 
2 17 18 7 20 18 11 18 11 11 12 0 10 2 8 18 12 2 7 3 
2 6 13 8 20 18 20 18 11 7 3 1 0 13 8 18 6 13 15 3 
2 10 4 7 14 14 14 6 11 7 19 14 10 0 8 4 7 2 7 3 
2 15 18 7 20 18 14 18 11 11 19 1 10 15 0 19 12 2 15 3 
16 6 18 7 20 18 16 18 11 7 19 1 10 15 8 0 7 16 7 3 
2 17 18 8 20 18 20 18 17 7 3 1 17 2 8 18 0 2 15 3 
2 6 18 8 20 18 20 18 11 7 3 1 10 15 8 18 6 0 15 3 
2 6 11 8 20 19 11 6 11 11 19 1 10 15 8 19 9 2 0 3 
2 10 4 7 20 10 20 6 11 7 19 1 10 7 8 4 7 2 7 0 

Time : 0.000130 s
