0 202 318 238 285 193 194 163 73 191 343 177 232 257 58 124 138 358 352 338 661 190 360 199 179 294 410 87 332 211 433 201 98 362 187 298 205 192 192 223 
203 0 116 36 301 367 239 192 252 77 142 206 114 265 256 298 312 409 238 239 690 219 413 228 208 419 208 261 310 160 558 102 272 161 41 211 234 361 283 148 
167 186 0 222 198 251 251 76 240 249 328 90 263 170 201 182 196 367 282 251 574 103 297 112 92 303 334 145 245 124 469 259 156 347 227 211 118 259 335 136 
183 344 214 0 265 365 203 290 256 81 202 248 78 229 241 296 301 373 242 203 721 244 442 211 250 404 172 259 314 164 556 66 270 221 5 175 232 325 247 152 
270 370 450 406 0 290 276 260 343 288 440 274 314 354 155 221 235 455 449 435 710 287 369 296 276 391 518 184 429 308 653 298 195 459 284 290 159 298 289 320 
151 146 262 168 158 0 257 266 224 83 288 50 223 130 161 142 156 165 242 257 530 63 189 138 52 101 340 105 205 108 429 219 116 242 173 195 78 8 264 96 
314 360 174 268 372 334 0 250 298 332 444 264 38 302 372 265 141 265 284 377 651 105 429 238 224 201 440 298 356 298 516 334 239 463 273 385 271 342 364 294 
91 110 226 146 122 175 175 0 164 173 252 14 187 94 125 106 120 291 206 175 498 27 221 36 16 227 258 69 169 48 393 183 80 271 151 135 42 183 259 60 
259 129 245 165 269 279 368 321 0 194 271 161 243 241 272 210 224 319 353 368 641 174 300 292 163 255 337 173 316 219 540 231 184 290 170 306 146 119 406 207 
126 263 353 299 275 314 241 284 175 0 405 167 279 247 179 245 259 479 161 241 640 180 374 195 169 415 324 208 233 83 546 322 219 424 304 170 195 294 313 71 
122 324 440 360 402 265 311 280 195 308 0 294 339 374 175 241 255 430 358 341 678 179 454 202 296 366 394 204 430 79 416 318 215 19 304 166 322 273 309 340 
101 96 212 132 108 161 216 216 174 159 238 0 173 80 111 92 106 326 192 216 548 13 207 181 2 262 299 55 155 58 379 169 66 257 137 145 28 169 245 46 
276 322 136 358 334 296 387 212 349 294 406 226 0 306 334 227 311 461 418 387 710 239 433 248 228 397 470 260 381 260 478 304 201 425 290 347 233 304 468 272 
116 234 311 270 246 136 310 178 189 134 286 138 175 0 174 67 81 296 194 328 554 15 213 214 134 232 411 30 266 196 511 144 41 305 130 253 3 96 308 184 
115 215 310 251 227 135 136 105 188 133 285 119 174 199 0 66 80 300 294 280 603 132 324 141 121 236 363 29 274 153 498 143 40 304 129 240 147 143 134 165 
194 312 272 348 324 319 261 202 267 92 219 216 136 240 252 0 211 384 253 261 641 229 300 238 218 420 344 213 325 164 595 77 224 238 63 251 186 327 386 163 
290 456 513 478 468 310 459 443 363 308 460 360 377 396 348 241 0 475 469 459 840 329 499 320 318 411 542 377 515 391 695 318 215 479 304 284 388 318 482 379 
176 268 356 304 280 249 182 334 145 247 325 172 220 252 229 180 194 0 335 236 386 156 379 256 174 350 319 143 327 133 526 237 154 201 243 220 200 257 99 121 
207 143 259 179 275 202 173 269 14 208 285 167 184 91 265 158 172 333 0 173 479 24 218 34 13 269 256 121 72 225 390 235 132 304 184 258 94 133 392 213 
314 360 174 268 176 302 0 250 265 332 444 264 38 302 331 265 141 265 251 0 651 105 429 122 224 201 83 263 323 292 516 334 239 463 273 86 271 310 219 294 
136 236 255 41 248 156 157 126 204 122 243 140 119 208 21 87 101 321 190 244 0 11 335 162 130 257 213 50 262 133 344 107 61 262 46 216 168 164 155 121 
313 322 296 358 443 308 352 364 193 254 381 335 160 197 371 162 278 473 179 352 658 0 324 213 119 409 435 227 251 326 496 239 238 400 225 364 200 293 480 325 
245 362 221 382 374 256 210 297 294 119 209 266 85 346 298 262 308 421 280 210 341 279 0 76 268 357 293 321 352 202 563 339 286 228 12 40 294 264 429 190 
380 498 313 407 315 441 139 388 404 278 405 402 177 426 438 186 280 404 390 139 790 244 486 0 363 340 222 399 462 350 655 263 378 424 249 225 372 449 358 349 
194 312 307 348 324 189 363 256 204 212 364 216 171 78 252 145 159 354 190 363 546 11 205 224 0 290 446 108 262 274 377 222 119 379 208 245 81 174 386 262 
202 332 281 67 332 313 176 357 209 148 269 236 145 296 255 223 258 64 309 176 450 220 443 37 238 0 239 207 381 159 590 133 218 265 72 242 264 321 163 185 
252 311 352 347 93 219 178 353 182 284 436 269 216 259 248 217 231 267 168 178 647 192 386 39 181 320 0 180 240 209 558 274 191 409 280 3 252 227 136 315 
86 252 309 274 264 106 280 239 159 104 256 156 173 236 144 37 51 271 265 298 618 169 295 244 158 207 381 0 311 187 519 114 11 275 100 274 184 114 278 175 
137 303 360 325 315 157 331 290 210 155 307 207 224 287 195 88 275 322 316 349 407 220 346 290 209 258 432 224 0 238 570 165 62 326 151 325 235 165 329 226 
43 245 361 281 323 231 232 201 116 229 381 215 270 295 96 162 176 396 390 262 699 228 403 123 217 332 345 125 370 0 476 239 136 400 225 87 243 235 230 261 
110 105 221 141 117 170 225 225 139 168 247 9 182 89 120 101 115 335 125 225 262 22 216 159 11 271 308 64 164 67 0 178 75 2 146 154 37 178 254 55 
117 278 368 314 290 299 256 280 190 15 420 182 294 163 175 230 244 307 176 256 655 178 376 210 184 395 339 193 248 98 550 0 204 439 293 185 166 259 309 86 
75 241 298 263 253 95 269 228 148 93 245 145 162 225 133 26 213 260 254 287 625 158 284 233 147 196 370 162 300 176 508 103 0 264 89 263 173 103 267 164 
184 386 502 422 464 372 373 342 257 370 522 356 411 436 237 303 317 537 522 403 659 369 477 264 358 473 375 266 511 141 397 380 277 0 366 228 384 376 371 402 
233 350 209 386 362 369 198 285 282 107 197 254 73 334 286 300 296 463 268 198 747 267 461 302 256 399 281 309 340 190 551 377 274 216 0 277 282 377 417 178 
297 362 349 384 351 216 175 424 370 299 441 266 213 346 350 222 316 381 426 175 746 279 405 36 268 317 258 321 421 254 623 299 332 458 285 0 294 224 394 312 
113 279 336 301 291 133 307 266 186 131 283 183 200 263 171 64 78 298 292 325 551 196 210 271 185 234 408 27 338 214 546 141 38 302 127 250 0 141 305 202 
143 138 254 174 150 203 249 258 216 75 280 42 215 122 153 134 148 200 234 249 522 55 181 173 44 136 332 97 197 100 421 211 108 234 179 187 70 0 287 88 
130 296 257 318 308 150 83 273 203 148 300 200 121 280 188 81 95 315 309 342 560 188 339 288 202 251 425 44 355 231 427 138 55 319 144 318 228 158 0 219 
55 192 308 228 204 243 170 213 128 241 334 96 208 176 108 174 188 408 288 170 644 109 303 135 98 344 253 137 251 12 475 251 148 353 233 99 124 247 242 0 
