1000
4500
510 46 874
185 649 845
454 807 344
953 837 241
467 258 103
495 960 371
411 279 860
681 396 479
17 670 185
874 857 613
720 114 221
214 669 189
215 808 343
239 495 812
9 181 12
312 100 328
715 445 866
957 308 452
923 467 20
382 227 234
226 93 550
903 130 53
807 442 635
242 983 553
873 673 606
383 728 664
466 13 706
552 669 864
451 576 327
465 309 383
40 927 710
464 840 749
758 543 869
936 367 818
318 134 416
596 211 538
540 550 680
78 521 423
760 38 159
113 195 167
939 882 174
552 273 627
300 709 230
28 699 435
910 793 672
624 385 400
446 668 44
749 600 991
276 53 340
128 815 317
278 997 886
357 985 766
381 503 470
820 683 404
737 875 198
589 707 426
861 837 956
833 575 768
675 506 569
983 10 735
769 608 533
237 850 658
353 104 806
906 705 14
822 758 962
722 314 936
709 517 219
431 928 928
279 173 914
600 829 820
858 186 456
854 896 990
960 12 325
684 301 580
714 247 463
782 110 150
685 136 962
478 873 108
11 176 481
353 416 426
724 854 958
737 215 326
206 848 577
972 350 369
402 570 131
533 490 118
935 767 472
759 568 502
481 620 898
228 520 728
38 545 910
863 335 880
364 285 720
115 520 683
7 494 613
187 258 698
502 846 514
581 18 770
872 760 833
798 850 618
637 39 365
462 196 76
184 33 877
40 758 689
319 90 180
208 430 171
151 197 327
925 478 15
253 696 72
431 654 300
579 0 851
898 669 808
522 659 57
813 644 480
821 43 232
878 725 891
302 228 878
471 59 476
279 171 575
70 230 75
301 71 84
947 194 370
201 718 330
447 444 972
186 734 127
501 703 649
427 921 795
795 940 376
213 412 546
757 607 299
660 723 488
856 116 417
547 814 188
679 632 135
441 598 561
770 90 36
244 997 970
805 10 563
599 224 826
534 434 755
804 136 330
359 239 444
600 804 374
71 258 533
58 685 204
371 48 730
971 538 526
423 699 590
674 629 544
629 823 972
171 74 450
383 320 785
321 719 927
750 9 785
368 775 935
832 52 228
981 213 458
55 889 954
985 362 528
962 464 784
494 225 821
643 830 966
908 108 695
507 352 83
291 401 805
579 689 387
574 153 586
132 627 240
19 207 552
508 919 778
271 649 89
186 819 275
983 568 702
150 349 404
426 688 220
438 462 996
256 273 735
299 77 942
985 446 34
579 498 175
370 719 595
113 331 129
416 977 247
392 580 209
991 979 917
845 103 809
64 758 497
66 29 571
124 867 819
807 731 455
810 900 194
729 686 634
395 536 927
472 713 867
139 798 113
177 571 822
955 418 116
523 98 927
174 241 834
857 291 667
747 513 136
574 511 782
647 780 55
265 268 338
828 829 841
272 677 935
54 385 756
907 144 519
709 589 657
116 931 668
301 551 930
978 793 514
570 839 475
95 713 430
917 499 599
204 370 574
375 373 86
758 272 393
287 432 234
739 566 520
752 244 557
338 219 671
432 519 69
429 15 21
987 120 569
438 361 1
656 627 693
414 761 576
161 808 980
182 146 999
865 895 628
919 723 330
738 768 962
629 688 352
270 663 979
47 583 324
153 704 379
103 801 353
76 13 700
0 983 669
330 124 596
820 821 800
222 706 690
835 777 499
217 433 900
316 16 282
232 221 84
309 522 747
714 940 380
702 179 297
563 311 13
9 393 920
918 832 129
503 194 855
173 956 692
718 144 148
508 626 186
416 795 610
303 908 360
19 12 597
836 589 628
68 163 310
741 24 546
596 249 792
900 213 688
651 522 809
23 598 214
975 164 606
69 441 35
653 673 213
55 17 497
480 924 538
526 516 334
174 382 600
230 394 769
18 142 498
953 161 590
312 664 613
616 381 862
652 590 66
481 17 18
305 677 764
30 742 628
12 45 125
827 552 855
11 880 905
439 298 724
196 759 556
677 567 105
228 315 287
905 860 867
665 635 776
981 2 570
548 427 596
999 143 837
848 228 26
925 248 70
434 18 101
279 486 703
755 799 396
871 26 609
447 427 433
287 838 738
413 449 916
974 602 651
945 409 751
374 126 482
902 262 977
33 534 959
575 704 58
694 530 780
91 999 146
64 65 906
193 630 593
963 198 518
44 350 692
192 130 284
188 22 973
561 948 628
304 731 899
92 78 594
55 368 309
974 259 690
736 5 684
948 559 894
82 566 949
277 671 340
827 562 56
63 127 365
6 556 890
666 16 150
8 75 45
793 880 741
790 192 498
991 759 410
572 225 672
771 227 70
221 2 118
331 180 309
560 440 441
167 448 58
910 201 909
821 828 988
130 670 686
489 42 657
852 619 782
74 975 202
985 930 284
452 375 359
579 639 838
811 374 192
409 281 808
404 134 523
211 685 584
627 375 752
629 478 50
711 627 928
479 417 722
772 732 480
784 403 815
898 613 499
425 196 971
523 223 945
603 350 169
374 692 541
98 382 106
189 219 530
760 428 566
107 689 345
459 104 409
799 732 698
455 931 412
557 628 983
757 919 46
65 670 55
216 232 117
119 614 978
918 374 281
807 844 866
522 493 720
150 411 472
906 951 183
425 39 255
791 976 119
709 188 903
823 610 209
990 270 11
347 851 739
358 990 278
116 376 974
803 204 158
181 576 912
642 314 692
340 464 35
11 548 688
159 175 478
398 866 626
183 828 217
902 116 412
833 248 463
518 354 358
580 674 949
337 747 328
702 146 889
486 615 468
706 623 951
22 149 467
336 834 747
128 259 119
723 776 229
501 632 90
995 440 472
815 685 368
544 678 599
464 529 526
522 12 128
428 737 766
222 802 778
406 105 747
148 530 672
306 932 553
175 211 864
625 34 20
780 377 213
697 59 416
802 718 441
845 101 182
675 301 236
577 179 122
41 430 355
340 743 409
223 596 57
265 450 54
643 304 252
786 375 515
113 789 569
969 118 602
158 220 134
133 183 26
904 693 796
410 279 823
670 705 992
89 151 672
822 292 582
156 209 563
364 136 499
335 511 446
933 43 662
232 210 403
988 93 343
2 677 400
921 763 22
829 484 337
914 153 667
521 543 67
459 532 350
881 680 734
232 854 930
152 675 81
281 307 245
952 227 975
997 433 141
604 393 312
914 898 431
215 356 279
749 558 158
599 874 729
204 96 727
312 129 371
221 492 445
154 999 882
770 432 351
907 340 668
154 140 545
738 96 800
991 883 929
252 423 568
797 627 227
809 961 906
409 297 119
978 376 476
875 119 899
164 251 472
336 591 766
470 443 533
381 609 311
454 794 57
241 566 553
636 655 959
62 435 987
864 371 390
980 429 85
832 825 1
63 600 350
848 688 496
202 160 126
689 5 241
258 945 681
800 496 636
608 381 86
716 57 211
720 413 108
868 958 587
315 957 26
653 581 262
753 718 857
370 154 954
48 760 655
951 521 772
486 534 386
122 270 980
730 93 744
740 270 512
352 312 455
387 828 915
551 3 832
801 522 495
688 925 439
435 825 625
255 347 650
266 496 973
302 53 102
999 97 975
678 885 406
881 802 798
232 300 527
787 477 286
95 753 519
386 591 218
541 692 464
259 58 60
780 732 285
919 932 271
936 97 140
597 158 162
819 824 826
473 913 352
860 186 104
763 979 190
621 396 108
865 24 804
549 559 758
624 957 408
936 923 403
599 406 796
226 255 295
387 267 688
135 595 926
14 780 298
739 250 868
223 130 900
965 575 167
102 808 136
372 655 612
316 291 293
617 834 319
494 874 378
458 374 700
517 337 890
241 473 958
205 79 965
341 693 55
951 838 837
782 275 134
377 794 551
582 665 628
960 793 718
692 33 754
42 16 579
180 125 178
325 843 120
696 268 992
517 523 589
600 646 327
42 600 799
211 648 678
303 624 42
435 656 459
223 761 698
843 903 47
642 134 618
450 331 752
922 449 490
553 57 176
930 26 396
949 175 964
550 927 385
51 535 66
410 990 650
100 273 966
531 76 693
563 72 766
695 304 361
398 359 657
624 554 311
421 278 342
233 145 401
89 169 779
298 414 646
700 272 475
371 118 323
41 205 592
171 600 387
395 400 185
950 73 76
420 152 529
817 200 820
423 899 558
536 30 542
180 426 275
262 406 944
832 282 304
525 705 759
753 443 751
444 34 52
798 837 479
305 381 178
934 787 117
0 715 761
303 570 633
619 158 487
156 51 640
99 731 479
430 286 1
816 632 927
729 187 396
534 793 411
274 408 729
885 3 809
396 409 605
228 799 217
590 957 740
939 609 665
657 793 974
10 599 660
447 310 296
569 12 274
786 485 967
147 970 658
444 314 287
366 311 767
182 344 959
425 623 409
595 415 380
445 425 181
808 301 51
224 68 101
385 579 816
103 129 169
927 370 705
156 705 910
728 217 11
394 246 460
628 846 981
658 16 988
342 707 216
642 617 986
122 111 968
874 258 886
598 625 596
63 823 376
94 656 988
47 433 481
508 775 766
890 315 629
142 17 516
838 874 515
765 405 777
115 943 555
612 812 83
911 217 539
194 447 801
403 332 988
5 43 426
86 677 141
32 204 444
436 268 174
250 265 527
454 358 260
276 208 348
88 169 797
560 210 462
296 809 423
613 362 797
611 859 500
322 166 36
339 792 215
74 667 71
615 582 639
367 663 99
562 367 24
488 123 332
627 859 487
778 739 894
534 651 185
802 984 159
952 888 651
283 909 327
338 99 373
130 456 577
933 529 32
472 429 437
224 142 473
759 981 482
609 341 48
677 160 917
632 148 647
175 70 312
2 428 142
443 658 394
575 40 486
94 248 343
821 329 678
105 346 726
525 683 819
593 676 447
760 840 937
531 287 142
628 833 424
598 482 547
432 947 248
880 700 548
819 858 755
318 151 11
52 4 90
359 385 267
2 587 462
842 898 225
101 717 307
49 326 221
530 746 288
983 650 2
819 806 574
26 720 140
248 833 819
422 902 475
183 450 193
523 894 946
24 190 907
695 699 879
462 511 395
44 925 97
900 370 771
110 282 549
500 893 306
881 238 239
407 614 463
810 663 814
375 313 905
819 193 41
32 591 163
346 889 765
900 215 562
325 796 338
943 608 691
627 71 970
86 328 388
579 979 978
740 38 422
483 198 272
643 237 802
112 704 319
792 68 262
490 581 836
377 756 609
900 211 396
178 765 425
820 950 640
275 115 907
183 644 481
48 630 707
410 430 721
938 513 81
265 956 290
226 376 258
909 166 226
943 965 116
187 81 857
798 268 180
709 680 50
805 304 594
423 100 73
649 145 113
851 54 31
496 416 723
940 820 133
335 615 527
606 962 40
306 100 585
141 202 624
582 367 935
121 583 424
198 831 919
918 726 411
671 201 998
548 724 920
654 309 421
756 484 634
734 535 748
592 180 76
155 357 212
958 253 415
926 722 617
383 266 380
609 349 820
822 463 566
958 470 850
470 272 808
367 498 294
140 707 420
712 472 726
341 980 907
305 397 373
347 937 733
723 899 232
989 857 94
961 316 53
120 880 216
979 567 9
768 877 383
119 524 606
650 204 597
829 910 481
202 225 267
35 381 650
799 726 90
980 362 61
544 623 93
496 684 562
798 189 589
94 356 149
527 742 231
159 870 225
961 532 903
229 580 560
63 343 586
983 595 279
540 454 147
158 6 602
593 210 578
856 134 126
517 795 688
195 111 187
988 202 134
680 904 111
404 786 545
223 713 909
293 252 495
876 675 269
373 658 883
4 682 198
671 551 998
487 170 673
595 392 267
801 453 573
598 484 59
495 968 15
880 126 399
609 560 544
415 283 465
74 534 272
887 391 430
835 139 812
599 435 358
586 878 835
579 402 914
803 350 732
318 0 532
480 3 81
670 992 195
424 716 667
392 397 877
981 89 548
326 190 399
846 241 837
910 162 262
161 379 899
709 225 320
644 240 139
995 232 308
290 50 943
406 810 39
460 967 168
197 674 116
482 298 913
667 646 417
734 107 600
400 352 764
15 931 597
213 932 234
196 405 42
588 683 83
613 948 711
296 589 167
119 950 606
440 37 377
323 188 200
405 211 268
397 617 0
732 77 643
849 378 737
465 915 523
449 684 909
15 286 991
146 562 485
138 613 955
615 86 775
672 1 980
932 414 966
102 672 899
367 975 657
561 22 687
249 565 196
206 675 250
906 217 361
263 639 639
966 803 508
934 556 940
131 455 974
990 265 417
703 155 218
547 103 28
818 747 443
682 103 502
526 677 190
866 760 534
308 763 671
899 247 738
299 208 688
228 812 106
320 856 916
988 109 182
279 358 944
251 525 341
885 245 106
282 674 401
425 979 163
314 131 810
272 720 962
886 983 57
485 894 728
531 223 41
61 165 327
163 570 292
588 755 760
845 325 89
884 485 188
990 309 612
691 877 436
217 615 553
501 839 245
501 675 850
905 641 386
409 498 536
862 290 508
309 671 542
779 84 688
735 808 650
810 486 357
646 293 523
386 419 393
869 381 357
402 822 916
745 517 696
739 101 444
551 97 400
925 879 197
796 138 610
565 831 956
427 131 966
244 499 242
489 287 204
376 60 608
559 252 458
906 215 859
164 960 634
274 447 148
148 490 818
357 495 472
285 733 441
556 717 266
214 367 127
983 109 655
534 65 71
259 972 916
962 51 597
873 333 581
193 13 631
194 177 690
277 883 196
122 966 102
871 308 306
373 173 333
454 881 340
492 566 651
667 163 713
147 433 195
642 841 935
405 187 120
923 455 985
329 112 89
383 393 749
484 915 408
764 855 900
404 573 981
795 447 160
26 87 959
496 112 378
852 759 143
432 59 80
967 982 62
249 828 756
640 319 678
854 416 632
381 616 211
166 704 879
483 450 702
455 895 0
428 301 0
128 294 728
583 374 511
807 295 597
753 973 928
887 995 756
750 656 716
813 670 388
60 991 684
499 446 565
903 724 349
875 316 195
418 976 807
892 25 372
449 546 697
838 390 641
695 611 289
631 191 711
160 613 300
10 104 304
474 526 308
289 241 802
504 142 949
260 454 322
733 233 858
148 133 499
312 200 79
672 835 759
208 249 762
178 222 937
913 572 17
547 776 189
145 23 989
956 957 130
173 857 723
75 257 542
532 391 15
972 20 565
732 808 68
779 88 91
651 736 289
650 6 107
19 98 807
479 117 786
11 403 11
920 293 53
456 734 815
506 786 849
898 406 649
491 758 608
854 765 936
431 284 916
826 287 19
767 954 947
894 819 403
422 800 508
652 730 623
932 224 562
289 976 506
294 90 504
877 161 587
849 995 591
336 881 825
152 397 227
452 685 454
350 772 878
567 476 10
487 407 362
947 246 300
597 964 620
293 267 342
414 815 388
240 614 776
325 508 438
416 163 333
280 666 843
293 714 13
710 121 343
684 982 388
328 972 823
181 107 430
97 41 734
136 416 0
708 694 982
168 115 400
973 632 526
20 767 253
989 464 752
670 875 898
962 675 824
115 78 638
194 761 176
831 213 613
453 413 522
33 61 126
992 650 355
306 60 81
348 489 519
977 148 239
42 526 435
18 1 626
173 149 429
143 157 399
444 893 930
685 837 396
310 151 72
679 615 946
200 399 718
461 695 803
451 507 604
776 903 617
366 287 510
871 394 602
898 472 793
75 189 32
443 524 517
27 823 703
774 680 561
231 934 140
940 944 943
579 248 781
773 641 74
643 12 778
524 448 849
371 330 536
690 916 535
576 230 444
222 502 854
966 569 586
331 813 404
697 487 901
138 263 311
927 126 360
509 81 740
428 203 908
282 32 30
456 959 210
32 356 961
575 914 411
57 413 124
179 391 776
757 494 93
750 466 226
551 560 303
157 60 622
21 691 473
195 500 130
521 205 661
450 829 702
870 170 512
398 953 616
566 725 324
511 561 681
720 401 379
995 468 140
34 279 563
495 795 687
371 375 692
880 35 649
636 219 756
270 483 214
37 84 316
968 83 59
993 494 875
507 444 420
183 331 885
303 105 482
624 686 898
265 266 57
957 853 789
753 223 296
296 871 157
433 714 34
109 216 397
189 520 837
613 312 466
527 983 937
59 871 948
422 953 791
433 387 261
670 75 236
56 156 763
256 836 907
283 776 916
484 10 969
37 40 675
77 19 74
863 91 741
46 819 186
48 260 783
320 245 336
950 358 618
872 890 545
229 5 293
72 34 885
603 786 61
48 951 732
209 303 343
879 822 998
408 527 116
128 474 471
396 495 737
374 131 658
76 681 186
711 968 148
967 485 899
319 889 251
223 67 771
955 132 586
466 693 167
783 78 132
824 244 108
378 838 45
625 329 545
168 680 755
572 392 34
339 493 487
470 725 816
757 788 779
182 120 23
758 720 483
276 399 423
353 669 461
661 261 45
340 223 780
36 595 523
404 265 942
263 386 828
798 900 596
657 845 54
756 590 531
676 485 94
732 452 380
335 39 207
371 660 424
782 297 100
211 253 172
214 873 156
66 283 751
691 595 215
765 950 435
150 835 497
381 694 393
478 408 879
200 779 712
654 522 856
890 859 536
182 320 303
22 846 892
869 922 621
396 363 762
421 748 216
457 564 768
993 276 622
939 575 595
647 91 572
346 756 608
193 461 391
817 734 936
971 161 504
182 249 708
748 120 414
406 956 341
977 24 193
796 433 742
491 800 542
241 805 67
410 93 483
752 953 152
791 463 876
490 163 496
36 852 281
999 26 559
741 36 138
758 906 453
526 821 138
379 349 36
671 193 928
837 816 293
767 443 133
945 580 970
329 123 584
116 485 478
940 476 875
377 215 216
444 783 930
281 291 224
480 930 327
798 959 935
668 690 781
845 758 603
497 729 594
522 21 493
964 637 548
512 687 189
42 935 346
499 470 394
670 159 209
735 625 29
725 238 63
977 514 859
288 304 467
4 730 730
659 188 379
176 789 757
599 873 627
453 562 101
792 955 31
574 732 769
633 243 414
969 194 297
611 576 620
868 16 712
4 107 114
484 202 417
322 150 978
604 0 695
572 510 384
552 421 255
703 383 132
966 115 427
419 12 924
211 733 5
450 214 156
166 495 576
325 602 238
504 968 845
73 322 585
541 225 200
979 71 813
710 380 399
165 801 928
456 674 260
883 530 32
990 664 578
509 24 561
592 379 968
371 266 556
630 38 960
339 686 253
212 479 780
724 539 912
464 355 371
792 531 707
757 329 231
374 237 233
645 113 825
381 218 231
536 712 978
799 483 656
872 108 471
758 417 575
771 456 222
603 935 438
34 208 828
611 339 232
305 161 206
281 914 278
862 9 677
45 638 153
553 52 8
295 539 65
15 606 59
224 972 964
234 114 81
507 577 607
653 837 347
357 497 546
217 181 297
310 23 743
830 792 189
564 616 768
826 17 155
711 753 963
665 465 44
155 542 264
715 232 544
500 584 912
810 175 657
221 289 665
538 924 9
366 820 325
713 743 968
910 936 438
689 8 368
602 64 936
380 104 671
923 640 445
932 368 763
393 371 180
211 372 96
657 823 375
467 894 328
488 55 279
171 574 686
128 553 758
386 312 259
882 976 553
905 480 989
245 994 516
356 9 697
529 239 928
878 396 188
809 368 235
640 74 333
457 4 272
8 996 414
87 145 583
86 206 937
161 180 233
963 798 830
821 40 810
842 570 99
175 671 349
799 493 407
846 31 459
441 250 347
815 414 973
139 789 263
608 293 9
991 559 669
108 582 540
880 895 444
870 763 859
938 435 18
320 655 27
759 906 105
949 2 970
753 892 241
723 60 794
786 716 215
937 467 255
257 285 145
225 576 600
749 342 0
145 127 526
719 79 406
746 598 786
127 344 224
666 466 253
251 355 249
346 251 125
155 959 140
521 589 551
478 451 936
957 689 74
147 523 633
665 273 228
993 218 602
276 191 700
572 64 954
333 772 787
172 321 327
356 551 234
878 192 210
727 12 305
301 585 792
236 803 805
622 282 47
106 563 360
814 388 264
90 326 169
820 187 298
779 243 191
292 122 730
435 143 18
284 501 169
562 716 79
366 32 880
10 788 559
477 585 825
966 874 71
831 606 809
980 834 66
727 263 275
726 659 383
613 858 917
13 434 940
506 897 974
646 848 130
84 721 564
64 790 902
619 925 457
394 523 734
829 17 791
100 233 951
997 769 184
561 629 740
886 845 943
910 428 873
761 530 807
14 107 261
276 521 842
545 354 432
535 870 866
908 471 44
575 799 225
528 572 197
462 498 442
263 383 536
139 569 251
790 250 894
166 92 556
456 961 941
747 134 493
637 71 749
816 7 112
898 910 525
378 378 255
119 430 291
750 869 516
77 727 583
237 773 817
556 185 927
702 473 218
146 386 57
496 948 995
993 452 916
401 290 115
20 443 82
306 191 192
45 803 932
775 812 355
900 549 292
102 12 401
121 661 233
736 393 973
373 562 680
144 299 100
653 362 72
313 517 583
149 556 799
134 631 602
703 48 161
149 524 594
206 377 358
12 592 588
750 277 125
796 444 732
613 35 575
431 659 533
190 504 80
427 293 666
859 167 809
767 309 889
231 525 617
334 843 42
399 494 564
297 434 144
3 426 873
472 106 4
343 184 49
992 127 26
721 82 567
382 161 104
323 323 445
136 535 994
67 465 175
628 134 329
997 717 941
701 196 897
585 678 205
764 239 518
605 550 105
685 994 539
953 464 913
402 789 247
10 472 648
361 311 633
648 985 586
652 754 392
707 720 418
203 446 71
181 794 559
681 264 602
330 444 129
931 882 94
410 302 951
689 137 137
111 180 788
532 812 589
725 39 234
581 408 168
745 709 132
790 18 131
2 809 102
182 260 253
949 48 904
924 518 145
816 687 765
383 998 478
899 821 769
851 889 733
268 72 228
275 237 320
365 745 561
534 791 229
232 380 250
556 141 190
553 175 742
493 763 136
163 654 849
510 822 406
967 57 756
516 196 241
253 92 333
44 153 920
86 324 327
476 153 336
50 394 558
801 425 591
58 159 93
862 661 426
393 201 754
968 790 770
93 87 462
489 277 383
225 330 330
364 111 619
290 963 375
918 524 600
362 665 92
904 971 323
29 842 218
400 11 6
176 13 361
26 803 395
344 29 444
947 881 839
100 377 480
817 260 216
195 897 550
582 129 818
459 238 903
731 895 979
581 381 808
308 465 29
876 788 624
893 143 356
915 741 527
870 928 128
902 901 984
359 794 852
894 408 381
551 267 618
134 276 335
189 702 848
626 500 956
441 152 777
778 74 94
202 332 171
842 306 849
843 767 319
863 891 58
576 772 358
358 388 59
960 395 983
245 494 36
110 564 453
866 444 578
936 947 312
883 447 938
788 813 310
551 213 348
432 818 785
102 696 347
458 561 361
114 831 189
871 216 703
196 136 377
690 18 332
558 998 564
392 587 972
505 984 722
976 136 571
57 598 539
696 592 236
219 638 96
26 367 873
14 684 147
386 830 901
610 266 166
221 632 724
42 494 462
179 269 95
301 173 515
935 848 307
938 366 317
407 231 713
408 796 709
664 188 365
17 631 701
308 496 219
487 128 180
762 13 742
887 81 294
332 20 855
142 113 427
672 517 310
330 637 511
857 102 762
377 178 886
213 514 629
610 976 333
656 134 745
176 718 142
924 605 304
718 592 734
385 882 151
672 798 649
519 210 766
795 751 51
463 927 918
594 115 193
666 625 882
823 493 166
834 153 256
40 531 227
765 585 758
411 762 721
579 835 637
876 57 634
94 479 716
145 629 989
906 809 804
642 130 806
498 151 126
539 401 694
311 35 340
97 49 794
919 739 637
701 364 918
634 656 33
503 612 270
545 506 739
798 873 317
494 918 866
303 381 830
696 742 823
629 973 494
64 589 999
688 72 702
829 763 672
660 923 163
511 339 327
377 637 285
570 589 469
933 693 359
665 38 844
747 819 318
656 697 142
340 172 472
58 242 80
106 696 142
129 434 635
519 325 572
796 347 979
824 742 744
737 711 712
724 184 186
52 239 416
235 471 517
697 381 179
253 158 883
334 710 539
934 375 119
370 168 338
530 750 243
69 945 888
964 31 883
398 244 547
238 585 181
99 796 764
652 563 670
827 843 395
44 480 560
402 166 839
178 729 202
987 944 500
794 965 64
829 911 807
833 951 755
861 759 289
102 163 598
575 337 907
569 929 246
769 644 442
397 996 472
240 822 866
105 399 247
214 139 520
91 502 107
457 799 920
334 706 402
871 141 906
38 390 982
385 68 156
963 895 885
908 960 257
208 744 647
237 660 468
83 835 632
23 574 822
251 935 668
825 124 291
716 933 983
396 144 238
159 742 207
902 11 382
846 472 100
127 281 108
185 648 38
74 919 343
976 883 732
719 222 427
449 516 310
529 706 775
887 975 829
566 22 570
116 595 808
525 806 918
317 527 717
822 440 864
899 34 346
983 198 86
174 847 569
674 78 571
622 716 971
318 391 542
290 749 558
757 215 607
206 777 889
736 778 342
553 753 493
180 401 239
447 290 826
864 833 75
299 565 855
155 992 490
124 960 218
343 195 169
769 885 293
900 411 416
747 647 177
931 28 484
201 359 960
820 643 636
344 444 509
510 512 591
646 407 932
353 640 807
473 928 9
53 274 326
501 118 844
396 536 65
139 611 924
109 8 341
320 956 7
623 8 999
418 601 759
686 69 453
815 316 129
422 983 594
774 660 108
969 673 653
765 667 527
716 773 303
580 413 365
438 739 390
424 418 497
731 197 773
41 868 231
230 177 663
540 149 917
602 707 446
702 658 680
572 943 410
442 106 510
9 646 461
16 247 711
511 472 173
34 860 89
368 612 284
884 398 149
950 552 165
656 723 163
994 932 80
43 501 574
729 754 158
160 955 912
32 747 660
36 42 27
271 383 925
805 823 599
234 863 662
690 751 25
754 432 581
286 58 356
5 839 79
431 114 66
468 2 654
933 720 215
932 826 660
23 19 4
356 570 783
702 414 466
843 44 30
291 247 558
48 662 57
970 974 873
476 164 499
792 358 597
523 2 526
227 70 462
134 245 952
400 813 882
61 285 781
630 531 905
235 896 920
965 85 792
89 838 337
812 789 719
895 452 776
405 216 374
556 878 934
538 820 95
368 108 658
218 592 540
997 987 660
731 943 824
749 84 42
572 596 263
855 5 836
232 751 805
647 499 581
744 660 504
260 207 881
766 604 337
897 520 472
267 576 33
529 568 462
394 550 403
736 71 334
468 60 339
917 642 955
181 630 139
252 514 892
526 896 343
756 680 604
37 619 9
947 387 770
437 539 157
51 767 718
759 760 861
110 635 709
433 413 168
9 117 26
553 710 837
228 560 507
425 424 865
215 737 840
72 449 974
530 204 443
863 824 994
771 428 509
66 854 757
714 383 20
181 904 453
363 895 901
852 771 960
781 99 732
116 432 805
777 256 684
156 151 629
159 789 810
175 295 167
979 869 525
339 16 916
486 954 490
275 211 539
141 583 420
194 539 784
615 458 713
612 324 691
960 647 76
691 780 740
488 289 786
609 595 77
967 645 701
688 600 183
117 794 734
245 343 736
480 76 524
599 336 741
773 537 77
632 922 1
724 48 88
927 433 451
828 457 544
877 874 443
45 498 800
474 985 451
336 602 774
773 730 589
732 298 778
401 596 30
930 648 148
93 689 766
183 567 923
117 3 671
482 717 829
359 585 42
760 665 989
948 7 734
286 185 160
809 721 698
314 344 404
772 733 597
43 808 709
130 526 697
41 257 972
240 39 972
462 157 526
556 758 784
449 179 298
335 963 481
847 182 172
708 649 547
197 722 549
201 248 710
378 644 490
84 733 700
243 858 60
748 109 596
50 580 518
498 248 759
402 711 523
937 732 134
904 460 513
446 824 10
941 189 411
334 672 439
777 123 539
884 964 269
854 365 298
769 928 810
87 3 902
879 977 209
276 223 342
794 341 775
288 257 603
366 233 865
359 310 269
993 156 697
743 450 432
587 795 96
266 495 234
595 257 959
168 358 542
157 906 885
574 376 722
454 499 654
997 927 748
180 489 638
430 540 703
161 973 452
574 884 462
383 776 994
523 817 831
292 66 538
899 785 432
256 391 159
126 185 660
925 186 482
597 550 848
35 393 76
324 17 103
252 134 716
117 537 116
969 411 443
365 145 792
765 737 677
973 871 747
151 496 17
724 587 884
458 161 363
563 177 683
888 124 27
693 213 132
148 457 598
618 387 437
636 584 65
439 261 409
846 107 423
836 275 688
913 366 887
822 736 805
730 512 774
326 443 748
583 113 644
469 882 852
192 341 983
188 831 552
618 781 400
194 162 70
812 386 180
684 32 197
126 316 559
485 623 67
845 193 144
523 144 364
599 115 746
889 758 611
947 55 236
799 796 819
484 122 506
536 435 910
936 356 728
587 401 52
918 921 182
977 341 649
631 167 623
802 724 667
255 634 944
107 581 670
427 233 995
255 68 145
875 850 236
506 952 288
520 388 649
384 261 376
631 446 280
836 227 190
501 275 784
903 554 129
797 610 369
795 588 380
468 798 126
434 945 199
370 777 806
788 56 191
80 794 414
948 18 85
362 589 626
687 906 636
843 348 463
342 172 446
179 383 333
490 539 264
703 698 870
977 644 133
367 620 193
2 385 734
371 191 593
283 277 431
484 11 314
306 160 755
309 91 483
164 964 422
193 286 207
427 649 408
15 875 105
387 254 444
743 141 482
777 577 606
419 358 123
877 291 114
835 6 767
355 199 207
831 556 303
803 235 783
699 790 775
87 299 388
305 865 890
318 880 921
331 114 383
782 295 310
647 59 187
222 394 966
146 548 496
842 647 543
366 413 296
747 595 977
897 423 37
24 635 445
220 687 325
298 676 502
776 900 809
47 62 921
756 584 214
690 565 349
281 159 175
432 715 607
25 726 926
70 578 61
764 318 130
378 675 554
581 526 784
964 696 521
547 807 748
233 932 186
424 794 759
716 886 688
647 885 580
476 308 291
111 469 974
582 749 916
374 163 813
486 147 544
84 669 112
668 32 676
111 227 724
30 464 713
294 298 795
758 239 843
109 186 755
252 359 111
443 6 240
431 227 594
534 795 920
160 316 659
109 534 48
396 970 88
197 581 112
638 32 125
998 66 261
681 859 518
419 568 62
19 824 17
588 601 498
791 808 425
139 731 453
508 30 281
807 305 857
521 148 78
88 685 272
266 136 194
964 618 337
196 679 226
384 473 416
588 742 719
865 658 173
109 207 183
130 830 971
394 492 129
687 977 614
296 753 766
517 625 84
489 628 793
205 565 436
906 636 232
137 774 113
244 301 64
22 373 220
402 559 926
289 303 664
487 134 356
35 781 395
492 617 118
674 446 294
811 200 392
272 624 785
547 109 16
473 222 190
589 55 324
508 529 675
351 813 378
825 345 505
649 787 225
377 148 764
243 985 414
331 872 308
529 477 821
142 629 864
424 356 105
641 322 189
223 686 576
292 828 650
929 850 356
611 917 917
896 719 38
541 395 220
262 475 365
213 578 350
795 973 503
3 824 761
987 536 589
354 312 710
708 954 807
450 845 860
246 18 724
553 650 922
707 597 539
810 428 928
688 285 975
606 535 70
820 762 931
316 638 401
123 198 66
511 881 436
773 686 390
366 425 999
858 125 793
364 259 429
300 832 808
723 463 25
420 990 334
917 273 396
305 174 553
228 550 262
471 646 195
393 480 532
577 984 663
264 274 945
164 142 217
836 362 813
612 139 93
411 346 620
533 150 566
238 236 8
804 264 854
495 387 930
470 2 4
223 328 85
130 177 684
765 337 77
966 332 712
82 229 997
422 325 585
948 87 629
494 651 356
859 508 446
977 497 819
962 729 379
948 115 159
348 537 772
947 631 433
421 301 225
490 403 70
610 881 505
461 694 169
179 173 627
964 399 744
101 862 772
316 843 119
662 582 638
354 402 878
978 914 958
50 458 192
958 7 574
213 54 737
184 413 878
721 304 101
665 500 639
976 87 445
378 365 970
669 981 261
875 740 0
266 967 257
746 575 329
644 307 688
130 117 878
412 696 82
669 933 767
916 88 666
187 789 611
53 397 730
880 211 595
457 503 142
821 224 48
891 127 393
518 356 706
820 938 650
894 87 180
216 55 993
802 851 310
939 126 519
16 601 289
810 667 536
551 545 862
915 395 949
631 246 639
631 631 523
737 118 66
969 67 973
478 205 247
980 286 164
280 859 551
665 884 173
13 57 248
93 766 765
997 632 887
922 91 748
5 14 380
34 328 254
355 31 521
648 371 245
461 704 918
9 73 907
655 318 948
227 323 600
824 92 777
478 13 162
130 676 583
728 853 572
691 995 546
444 471 902
290 317 136
985 282 114
580 15 968
682 63 288
598 534 114
655 216 162
389 25 326
923 143 528
276 338 462
624 599 483
277 371 415
111 831 72
284 14 505
829 912 864
47 164 516
492 61 996
7 50 932
294 774 201
882 658 501
503 161 901
104 653 58
423 135 160
900 378 168
716 606 683
644 342 327
134 226 386
472 19 346
995 775 786
891 225 636
887 594 416
941 165 930
240 502 828
791 493 545
435 384 796
139 253 81
70 21 693
803 459 315
701 332 558
932 108 54
546 706 110
518 122 939
985 15 167
484 364 476
94 214 630
794 280 626
403 621 767
15 778 481
612 738 452
347 179 187
452 807 586
425 584 988
816 840 910
80 902 137
597 236 301
231 403 713
737 429 614
898 205 947
601 998 912
829 515 756
458 384 47
714 367 631
86 141 971
842 830 444
932 526 142
14 298 712
98 112 882
363 172 529
928 106 48
688 791 266
734 863 899
669 408 790
631 207 133
33 844 796
681 963 156
366 328 630
598 52 958
132 478 532
664 141 897
60 137 395
668 15 112
765 400 801
919 507 362
344 713 300
933 495 509
1 708 789
64 861 587
407 117 414
2 58 312
392 3 808
333 165 785
152 428 704
82 112 733
947 351 185
848 745 727
722 736 705
226 829 200
876 280 866
306 29 839
536 665 493
218 835 787
807 679 258
830 647 378
343 399 640
521 987 435
593 233 181
631 180 921
293 16 478
797 677 168
526 980 339
858 382 753
39 342 767
253 386 543
528 721 49
759 773 325
917 192 742
210 742 321
941 511 501
682 537 705
4 955 413
133 463 120
267 833 866
318 102 16
5 340 749
816 985 49
635 302 109
735 606 637
231 886 279
134 894 503
487 308 584
915 322 884
566 52 962
557 208 366
22 864 946
750 887 135
809 232 717
741 673 477
787 959 340
978 985 950
483 920 709
922 928 200
397 932 795
606 171 678
79 549 49
807 775 414
208 250 39
368 422 989
586 386 14
6 436 985
451 312 923
756 931 835
62 47 410
785 219 257
120 209 310
97 696 391
899 973 209
711 737 339
850 83 941
606 934 90
192 278 700
800 195 164
68 955 315
877 164 252
68 201 13
304 764 806
938 950 873
370 444 610
133 792 936
151 622 76
161 107 76
477 626 299
386 534 583
195 866 304
91 403 649
794 851 76
732 180 893
899 277 120
512 102 908
99 305 42
196 680 616
457 640 900
542 269 991
650 384 805
233 387 909
808 982 739
22 664 383
726 43 288
398 729 668
696 119 522
931 504 491
836 750 688
486 418 351
502 695 105
768 637 716
610 82 694
616 917 39
62 693 854
731 61 637
335 248 993
268 269 573
396 607 547
423 345 282
926 199 954
452 677 929
354 727 281
835 830 116
272 693 318
413 79 293
715 212 750
697 602 595
664 859 372
714 72 562
9 767 171
930 922 398
701 897 768
68 818 930
800 962 953
535 825 642
599 148 676
181 651 425
987 510 495
786 503 442
607 853 35
668 157 258
276 248 785
969 753 755
527 781 994
60 620 898
755 815 78
487 751 894
415 699 294
376 742 146
428 269 81
533 481 197
589 261 391
71 352 759
612 989 189
707 404 211
161 160 969
667 351 514
445 940 849
776 364 415
533 529 630
349 637 560
654 791 115
779 351 540
342 166 791
788 238 687
908 607 47
349 690 153
942 261 0
263 249 328
406 709 616
256 162 919
200 279 53
63 812 361
328 128 227
521 261 767
302 884 602
643 86 71
437 687 294
501 271 639
870 49 871
332 322 481
444 751 715
242 579 341
716 784 579
13 561 420
726 496 773
933 281 802
777 551 286
474 374 230
322 245 931
814 127 393
392 35 367
29 290 765
987 877 131
555 882 262
239 851 237
520 652 954
135 910 421
173 875 172
365 46 9
78 913 227
412 682 932
498 757 113
925 696 186
712 654 244
334 981 383
342 494 696
988 825 628
245 928 437
612 773 892
56 944 312
194 387 496
311 569 583
74 340 86
907 360 950
370 319 878
804 76 382
622 436 729
126 267 63
328 658 882
292 678 598
28 44 458
72 555 40
275 677 269
917 124 398
163 142 211
663 739 320
845 304 491
833 563 667
769 132 191
504 548 186
979 124 318
21 801 916
696 179 97
420 711 997
761 309 798
840 165 756
441 97 381
832 747 887
282 825 318
995 717 854
32 559 517
81 865 270
225 690 83
125 183 109
947 153 60
703 378 380
245 193 889
378 31 469
343 114 265
967 555 475
426 705 554
158 354 333
511 447 582
151 527 109
497 270 25
304 99 453
867 498 132
847 399 53
575 458 655
249 705 534
70 272 471
245 367 145
795 734 720
513 258 858
34 342 574
534 750 552
728 49 100
719 172 58
606 652 626
740 623 94
138 577 635
144 763 698
754 571 275
967 490 25
288 385 427
136 385 690
184 517 505
724 447 772
883 309 954
531 327 724
518 98 507
339 621 161
312 821 673
630 920 292
984 565 411
536 166 985
749 523 468
909 333 335
142 930 955
478 654 229
625 674 943
308 218 314
771 415 789
380 726 665
626 697 758
961 805 296
817 216 175
368 767 395
423 429 198
527 212 190
732 636 117
826 348 179
370 799 851
421 75 352
443 60 389
553 96 223
734 800 535
499 928 291
449 466 666
736 584 572
328 85 346
784 749 204
901 122 849
142 856 415
626 876 790
375 201 671
505 514 775
550 850 5
481 805 887
336 334 478
342 443 971
335 390 630
795 738 273
881 748 333
401 250 412
657 947 357
649 133 817
487 836 315
91 600 662
410 284 726
218 474 329
712 970 370
625 664 247
85 534 774
958 497 774
907 844 434
580 625 988
269 6 765
58 561 511
78 207 182
343 748 46
633 467 207
694 35 131
718 805 542
656 635 246
728 640 788
106 850 655
43 979 702
353 390 47
546 343 61
124 20 721
539 999 70
804 303 605
791 952 471
292 18 497
548 633 565
891 810 758
345 94 421
647 969 796
702 491 735
911 73 221
926 995 169
91 529 666
394 677 812
505 995 340
470 231 568
881 789 413
690 362 801
510 582 517
671 8 650
980 732 961
886 984 52
105 803 17
770 537 130
66 461 956
426 458 889
847 767 374
89 934 85
687 158 902
901 696 296
575 684 345
212 745 345
98 1 14
365 734 292
273 172 936
500 947 40
687 714 671
521 500 620
44 439 87
870 393 5
913 10 130
544 579 762
360 736 964
28 671 99
335 526 788
287 483 152
704 290 762
358 931 407
305 974 689
662 207 812
997 681 157
209 433 44
221 478 988
292 489 548
936 402 456
934 300 130
596 209 999
99 190 645
720 596 253
933 636 346
462 177 632
558 239 209
201 571 40
713 102 682
660 455 811
918 29 868
49 502 382
880 638 346
756 61 600
545 65 947
921 305 999
468 597 678
711 169 3
789 726 938
16 582 560
458 638 342
189 998 826
388 924 636
107 796 192
866 184 100
588 684 337
409 980 14
12 633 395
483 886 602
599 770 767
669 580 95
596 624 189
276 300 251
154 873 648
982 367 491
64 219 505
242 843 452
55 92 418
277 970 702
232 454 403
372 97 136
849 343 304
604 805 21
116 862 14
532 745 259
380 540 217
606 475 42
934 737 169
467 753 630
243 126 4
422 784 530
235 581 510
895 281 354
822 813 597
535 499 571
711 95 900
849 827 292
15 644 361
433 498 467
439 107 461
30 943 679
709 677 583
156 56 116
543 246 56
983 216 597
253 700 422
663 461 593
918 273 154
819 463 384
400 268 47
777 267 254
549 128 697
670 859 195
894 753 385
240 618 944
872 701 883
273 851 47
793 936 897
956 420 256
777 692 464
780 459 30
919 347 492
613 288 344
378 556 94
854 957 383
227 152 715
19 920 590
694 992 228
655 424 973
802 100 433
245 760 974
759 980 573
279 628 318
367 165 736
178 163 441
197 888 417
699 962 112
971 387 97
444 162 60
529 854 736
326 427 834
489 561 113
63 31 366
299 690 735
496 295 999
247 764 298
73 556 538
798 103 544
360 223 369
778 298 920
476 55 505
105 836 791
571 402 270
850 501 113
164 439 114
299 808 816
51 577 813
788 203 417
200 300 315
18 584 552
959 291 844
140 11 827
672 783 746
836 321 730
186 608 157
507 400 427
706 848 33
176 920 312
260 350 132
725 504 686
0 113 269
856 273 237
607 205 944
41 592 775
603 371 312
556 906 595
394 254 682
320 161 42
882 922 307
913 528 48
181 657 958
627 459 150
494 952 716
707 413 846
811 188 882
788 811 137
24 613 28
868 319 748
317 173 41
33 436 746
678 426 835
294 4 31
806 683 278
319 110 450
504 330 379
601 108 84
178 326 475
469 792 860
679 495 221
188 185 592
928 914 234
660 192 297
328 540 124
512 184 268
853 139 72
961 549 563
509 762 370
428 843 467
438 780 202
80 582 277
435 753 937
895 538 423
432 45 628
157 39 634
289 95 512
285 883 995
54 816 468
406 97 520
651 11 840
633 584 314
13 361 827
907 835 870
542 111 993
164 232 899
586 64 778
363 716 291
300 190 553
478 447 167
805 953 31
890 218 545
744 441 63
343 800 304
314 587 334
524 480 150
330 86 658
202 688 669
863 825 853
405 220 717
273 984 380
185 837 566
240 368 287
446 99 395
44 323 607
481 532 534
431 730 389
62 48 194
617 351 641
7 708 497
871 966 876
110 517 192
149 537 665
812 498 523
115 179 903
235 263 409
233 946 369
423 183 976
525 580 868
382 526 529
513 277 955
499 998 635
794 396 164
359 356 300
810 643 871
283 430 294
244 489 999
707 264 795
919 902 863
707 462 687
349 164 581
971 568 584
926 345 105
980 300 638
879 69 955
9 496 472
153 954 722
513 507 278
176 855 489
606 979 685
10 886 927
63 246 623
351 785 463
717 622 85
12 582 289
970 759 626
259 292 900
61 53 332
468 901 276
980 2 2
78 888 110
531 532 643
962 944 623
476 156 713
33 829 51
530 794 507
409 614 882
438 132 417
148 553 571
696 993 725
479 637 304
101 355 242
865 291 67
825 745 763
53 583 59
227 964 78
44 26 293
791 975 33
186 89 666
757 585 61
419 309 179
178 687 215
342 723 732
436 388 921
971 379 634
885 170 686
278 447 502
417 695 706
499 906 17
355 64 418
67 912 288
846 607 267
776 46 239
560 836 520
26 606 71
692 948 134
720 208 206
721 193 823
59 942 484
869 644 764
102 378 915
245 209 623
116 504 892
500 616 21
791 931 315
788 746 19
348 978 448
872 922 689
724 444 93
287 516 617
296 435 847
758 350 936
149 572 135
296 22 12
638 856 28
477 675 785
768 261 752
646 798 384
719 641 242
938 900 78
17 930 889
719 719 194
845 627 890
270 921 38
961 623 135
465 259 677
141 985 921
80 73 55
343 9 366
450 813 190
728 641 849
9 942 351
58 974 416
709 192 288
27 772 187
378 921 266
698 414 487
572 507 427
718 743 376
448 675 880
342 438 635
935 917 997
668 122 684
69 992 647
498 810 114
350 799 477
656 899 855
572 701 117
601 532 619
593 788 459
252 27 263
939 525 385
5 553 200
303 832 640
717 176 782
871 140 601
611 567 602
263 752 0
700 119 165
531 294 379
87 917 17
698 875 796
569 926 722
992 332 133
870 966 810
58 570 649
504 222 332
55 301 866
352 817 353
723 981 163
539 276 558
545 402 77
363 969 407
198 538 489
148 688 727
139 351 403
231 106 741
140 695 126
719 884 135
270 348 316
382 486 366
272 230 589
686 730 506
733 368 275
437 305 993
444 812 517
455 540 728
553 986 742
413 598 174
467 570 732
872 655 124
653 921 676
181 177 859
351 879 851
764 76 56
887 515 973
923 865 647
119 411 145
483 164 42
58 392 3
705 426 851
406 670 109
848 966 617
2 387 741
465 480 117
598 689 733
674 246 130
514 148 101
103 499 205
931 372 27
941 963 631
511 338 228
820 507 596
226 672 435
771 236 785
567 262 186
624 138 991
584 437 772
346 584 181
183 361 439
481 837 516
833 279 54
406 988 95
60 210 671
138 583 621
694 109 587
49 7 730
121 951 574
246 182 680
537 822 517
904 65 489
535 41 159
33 283 22
949 342 112
884 297 965
43 223 547
913 431 239
827 854 632
371 732 261
378 416 130
981 187 521
203 130 177
189 51 35
423 439 132
859 888 274
302 532 715
224 126 868
213 162 260
348 114 828
673 34 138
57 120 937
213 472 778
565 774 261
254 68 12
998 931 244
884 725 926
557 521 381
517 202 63
657 174 369
653 977 176
650 646 360
596 867 912
655 459 780
278 424 623
855 845 87
147 422 913
55 978 941
815 361 212
513 794 622
102 343 248
161 565 898
647 667 669
416 518 302
252 671 728
12 793 440
725 383 340
692 246 308
35 939 541
574 491 488
250 392 266
256 765 489
344 258 612
145 785 902
837 343 154
187 738 571
946 944 426
381 531 129
586 3 252
437 527 819
630 443 127
917 266 917
452 62 94
862 997 773
439 566 355
493 318 841
826 859 332
572 111 824
899 838 263
534 364 283
897 906 775
783 126 852
884 322 837
735 118 810
487 232 914
936 130 623
255 204 923
323 758 21
146 705 279
983 488 174
134 984 43
594 553 279
100 203 370
515 20 833
845 175 834
103 504 572
95 349 14
740 792 847
248 539 437
839 389 494
468 6 321
794 884 896
348 318 172
686 460 294
452 362 716
521 458 598
177 151 518
671 208 178
870 701 483
607 641 43
456 397 693
37 884 480
33 602 72
408 10 70
187 701 507
817 974 364
797 127 207
141 976 107
230 494 691
705 759 343
898 634 383
374 425 731
773 693 832
619 496 822
157 522 476
824 276 676
999 297 995
537 205 398
529 994 486
857 548 600
756 262 558
575 741 368
625 120 258
889 305 657
866 174 899
859 726 409
932 937 445
391 118 218
336 956 593
61 697 127
844 84 419
602 208 752
876 762 954
523 778 505
143 485 132
213 34 458
30 515 103
270 234 485
640 193 316
691 791 820
820 258 174
813 720 522
143 217 913
468 570 421
702 180 286
397 273 581
106 252 853
417 18 130
332 854 3
860 770 273
712 528 774
125 243 817
676 45 572
201 646 748
294 347 489
474 549 615
362 438 353
497 624 797
569 603 381
973 514 788
399 418 278
994 350 395
669 822 732
200 271 973
144 718 675
109 367 864
766 660 490
763 791 839
709 96 29
16 338 990
401 428 180
392 417 154
422 757 257
188 768 335
399 966 681
699 203 338
945 642 514
955 747 654
941 716 762
256 998 985
92 288 876
89 596 919
867 528 564
175 168 488
464 350 367
880 183 604
441 143 608
417 50 607
933 102 753
396 475 55
110 957 560
96 963 439
476 468 158
479 379 843
236 297 234
664 687 912
30 917 702
799 337 517
960 729 91
164 761 375
840 514 998
269 900 991
774 910 262
786 423 3
844 892 575
315 879 484
741 57 964
861 965 731
49 329 49
642 226 67
910 923 957
791 469 906
923 905 803
565 599 451
233 239 452
288 821 866
295 209 327
897 914 70
208 284 497
527 490 157
497 413 654
363 150 731
814 602 88
41 450 244
613 736 600
475 873 445
658 241 284
337 841 730
451 283 278
378 342 14
718 505 537
817 638 207
780 835 769
274 320 488
993 977 393
568 101 854
941 678 790
63 437 179
898 831 601
772 413 40
267 189 238
860 748 761
389 860 349
207 406 633
812 23 206
887 580 383
176 970 550
232 224 622
835 308 422
418 564 101
137 261 787
339 215 377
898 755 94
12 658 979
615 519 953
215 963 428
814 176 538
962 931 229
705 813 197
377 624 521
393 928 542
939 450 161
766 130 59
655 579 937
638 516 415
111 283 289
259 0 25
382 922 293
690 105 718
828 318 336
140 806 835
174 653 366
754 28 450
383 381 756
366 557 489
32 98 84
143 31 746
598 1 159
337 762 551
244 378 269
317 786 166
294 961 201
249 240 239
447 850 344
629 79 279
156 517 120
98 793 940
257 137 981
942 133 115
293 303 601
223 588 50
871 306 179
502 909 962
231 76 104
999 396 456
192 754 532
862 837 423
337 639 855
790 569 751
119 355 592
718 984 913
190 933 657
644 716 233
726 790 294
191 48 899
263 329 974
584 283 94
608 492 257
895 657 995
838 108 614
500 532 234
777 355 585
86 837 403
660 423 825
55 996 673
610 283 698
581 436 164
62 744 959
434 173 986
323 16 267
887 991 173
261 519 336
226 712 900
999 95 369
942 845 977
940 659 330
104 234 642
165 310 374
440 547 871
171 156 714
518 954 640
570 117 642
71 116 750
306 68 233
578 767 889
307 768 126
185 646 255
3 468 845
101 594 70
213 577 44
869 474 189
655 689 764
941 708 333
873 781 383
547 741 841
788 185 790
406 533 14
225 954 328
542 637 565
6 201 14
839 994 575
869 540 24
465 100 627
934 516 19
795 477 75
636 46 257
205 22 461
623 705 112
459 209 141
177 806 50
738 315 624
208 865 506
127 465 804
847 152 446
608 855 428
945 32 331
102 139 635
446 445 858
831 946 226
114 527 472
31 509 433
710 369 111
402 459 265
264 393 731
20 851 768
30 142 431
198 204 156
70 367 75
644 815 323
65 267 844
200 239 17
23 183 775
142 483 524
177 936 437
740 682 2
29 502 615
475 376 674
437 730 374
757 300 992
527 747 878
293 180 412
338 680 718
314 886 288
746 665 33
390 203 817
705 252 875
631 569 567
156 676 529
154 457 317
838 935 884
579 468 891
341 743 799
445 574 258
602 214 35
548 735 312
501 306 54
389 803 246
197 136 325
767 683 67
282 363 189
179 901 757
733 875 741
126 265 746
470 724 928
594 111 732
319 755 425
333 560 333
74 414 249
231 536 429
30 408 365
91 43 731
103 424 499
541 237 173
879 549 63
582 621 204
178 375 627
89 682 347
166 690 790
448 372 153
368 35 181
190 267 80
152 276 561
970 797 342
194 568 528
660 387 638
33 616 538
946 925 814
115 555 378
154 575 874
752 79 737
17 332 206
287 940 554
591 234 256
501 790 152
920 654 613
248 875 339
17 342 461
84 558 630
785 555 737
817 33 88
330 515 563
781 984 767
173 339 676
700 176 884
919 453 101
886 579 132
454 976 490
699 343 896
118 733 64
473 822 190
668 764 892
760 905 415
68 852 946
517 210 159
386 128 245
105 749 602
117 675 886
630 316 215
417 532 549
492 451 616
567 868 237
366 723 994
197 36 478
672 711 516
713 95 440
868 651 263
630 427 749
985 831 210
591 719 766
828 156 400
889 925 642
40 920 844
332 471 885
626 535 605
640 832 673
603 708 110
795 651 0
660 931 148
254 256 507
628 682 64
954 100 394
699 106 804
172 531 31
514 829 869
642 80 898
517 961 313
575 430 305
236 724 581
306 277 730
496 473 660
524 950 957
333 400 306
728 718 406
268 666 960
361 28 662
54 702 375
170 530 867
786 892 191
13 74 188
484 936 737
582 757 364
134 709 137
902 640 723
863 286 385
353 800 934
345 260 858
855 334 337
928 184 363
673 733 154
78 132 161
560 513 383
14 476 396
675 942 220
709 485 182
463 719 681
498 449 995
498 645 474
942 243 721
698 450 870
717 674 162
857 650 663
93 904 739
272 790 729
867 74 250
290 41 461
808 706 214
652 849 460
884 674 618
743 155 711
740 250 609
750 151 221
197 894 969
862 129 288
599 609 415
331 198 789
286 369 6
786 953 153
582 701 967
467 120 821
407 995 270
439 499 141
351 225 652
369 274 138
318 456 806
821 941 92
559 8 281
137 366 554
375 720 523
561 202 935
865 835 513
776 212 71
668 892 202
108 324 248
944 229 618
761 128 411
364 879 397
819 986 426
228 706 197
864 188 341
753 156 443
504 514 434
699 885 260
146 526 488
535 37 863
265 553 767
567 715 693
166 896 401
703 354 56
451 83 96
793 564 262
595 986 597
261 650 91
398 27 730
982 911 619
578 393 317
434 750 26
102 670 818
281 853 761
626 179 592
369 618 755
636 742 514
202 854 703
34 897 855
996 729 596
825 43 938
734 392 3
110 547 559
383 923 61
461 886 899
628 787 402
626 732 763
199 535 989
326 301 234
47 235 914
125 492 898
582 484 690
415 950 141
287 759 361
232 611 665
507 754 972
35 314 857
645 165 171
902 985 585
742 551 229
893 921 952
212 267 711
18 419 571
108 894 331
605 331 954
67 457 156
581 63 947
661 95 778
961 278 285
806 837 597
51 781 608
581 498 598
639 818 578
255 172 397
48 934 33
372 758 188
63 759 271
777 200 225
709 742 625
559 491 187
696 491 313
793 460 945
450 945 223
906 75 851
251 672 886
526 47 500
777 670 41
248 315 983
72 194 899
142 439 322
327 416 540
508 7 432
971 522 915
831 223 673
463 438 725
949 910 623
975 896 708
697 117 805
596 629 315
787 524 481
421 488 618
759 304 247
79 886 594
681 990 828
171 859 164
967 186 920
876 312 645
74 824 525
956 127 521
542 371 84
563 866 82
481 859 271
611 65 317
954 127 762
742 241 244
335 996 865
200 393 740
259 725 543
628 102 366
175 969 332
328 401 507
638 840 236
32 939 137
877 257 215
458 144 511
921 297 421
756 910 49
278 215 945
842 241 290
909 954 493
492 767 467
502 844 390
452 725 495
697 407 56
98 386 348
979 877 384
58 57 683
334 741 31
590 612 936
438 136 984
366 217 580
557 57 74
718 749 622
257 44 11
757 982 242
840 291 961
726 618 907
681 639 439
890 339 339
334 639 777
365 820 398
963 631 37
608 766 816
736 75 404
938 379 831
628 533 703
728 983 838
290 143 597
677 740 322
22 103 886
122 726 145
736 933 796
701 907 725
451 177 487
7 492 245
366 881 245
9 136 930
961 64 757
383 816 867
339 17 531
428 825 104
351 298 664
71 71 545
840 113 916
116 633 892
121 653 944
428 478 694
539 375 123
121 183 490
697 74 515
593 758 387
626 109 923
742 868 79
529 537 626
528 827 396
478 984 679
690 616 926
694 237 956
221 514 637
157 898 843
509 417 718
663 148 90
524 869 41
382 353 855
12 378 348
543 672 824
871 910 167
171 602 595
574 971 982
957 500 737
140 826 383
334 596 870
78 921 792
768 982 282
751 318 214
776 95 954
162 706 944
719 273 369
246 564 782
188 735 562
951 427 101
349 496 888
464 731 707
166 528 68
122 761 219
106 29 61
876 553 725
401 42 413
712 615 791
72 336 463
364 957 853
621 693 970
966 629 504
824 871 318
671 864 569
765 544 928
50 460 822
405 341 492
435 413 795
446 731 731
431 757 869
484 198 121
713 40 766
947 708 147
536 696 790
498 152 607
449 140 68
895 979 496
354 880 922
191 160 360
51 852 710
929 450 706
66 382 129
391 949 583
703 286 261
956 233 965
887 928 621
596 85 760
676 930 190
885 572 980
378 795 38
391 619 679
434 642 686
541 438 170
94 29 483
355 356 122
273 456 855
917 809 789
779 663 546
68 639 923
414 913 201
224 796 984
250 691 544
519 239 253
93 159 165
844 470 239
847 541 851
856 150 284
800 998 597
982 437 668
937 631 29
366 478 327
697 378 140
25 896 360
909 230 981
800 438 50
557 864 745
719 171 58
714 590 812
881 162 538
440 760 96
115 839 174
789 167 198
70 425 489
197 587 475
547 463 390
730 394 463
694 717 372
879 149 336
991 620 323
822 630 590
167 424 543
353 119 451
590 825 137
594 634 936
447 710 252
696 543 424
476 224 964
296 140 447
408 171 452
869 102 126
827 475 420
145 516 591
733 40 224
2 125 576
997 59 278
774 581 961
401 304 532
828 393 926
555 988 217
597 776 326
166 241 917
31 546 920
599 945 939
856 192 378
973 494 811
180 126 745
347 305 115
912 356 63
663 660 296
188 196 916
227 334 848
304 952 900
172 492 824
557 880 563
302 631 721
243 187 15
308 419 203
728 91 553
311 892 824
450 506 35
208 503 979
155 191 908
921 408 147
799 502 933
364 110 655
907 30 511
571 267 251
592 363 917
925 459 280
840 504 620
507 889 413
573 216 673
37 544 83
353 865 783
256 673 191
459 378 587
612 245 101
813 608 774
181 229 501
808 582 195
586 400 82
519 88 165
542 594 160
430 887 444
256 658 606
460 289 961
342 392 213
200 217 669
341 964 384
923 451 248
385 675 253
19 518 275
113 301 364
298 159 116
290 792 272
212 50 17
197 368 569
159 288 722
665 916 296
204 398 689
659 955 744
511 71 425
864 645 288
264 926 258
156 138 529
370 325 769
139 137 843
222 196 160
707 785 607
346 599 67
97 880 619
382 352 750
836 277 817
279 967 420
420 349 161
367 32 520
537 561 274
532 611 867
953 591 553
470 184 267
473 958 644
425 411 371
644 844 103
651 0 210
87 608 330
947 224 576
938 596 914
118 824 162
230 161 321
313 928 350
158 614 747
763 822 901
555 525 338
188 886 618
261 586 437
138 141 488
661 648 937
827 511 95
632 734 422
669 428 257
898 513 145
2 722 748
248 109 712
140 557 305
338 494 537
978 272 557
722 162 48
457 50 818
677 488 262
325 416 780
406 699 816
750 475 306
754 828 631
538 48 828
27 764 739
300 765 850
399 851 469
623 388 988
621 885 20
694 212 737
339 565 989
141 31 874
331 969 790
777 441 445
363 363 623
415 422 275
601 48 19
132 40 735
32 202 5
199 174 756
591 386 150
842 160 661
766 331 206
469 487 314
128 814 965
263 461 334
210 620 860
205 534 15
966 354 405
575 114 224
71 193 680
559 689 10
438 974 595
260 308 872
842 698 822
707 454 389
90 281 224
800 368 634
334 805 204
673 397 208
411 788 994
448 540 157
299 15 266
163 951 29
209 971 615
868 844 250
451 291 277
648 495 528
218 141 549
975 502 506
500 538 538
853 216 387
518 14 441
871 843 226
486 311 954
322 240 855
885 611 480
561 675 847
553 665 687
747 865 469
107 480 641
75 954 593
447 29 503
670 244 336
175 790 546
98 293 457
639 787 763
504 79 351
47 270 849
989 523 899
988 110 36
450 309 264
762 835 261
569 448 316
600 207 507
941 73 766
195 534 7
677 79 613
650 5 514
840 163 115
437 795 306
531 906 137
925 970 910
950 943 805
442 520 99
929 760 74
98 421 965
113 254 684
735 338 969
644 906 218
474 997 289
548 421 161
656 322 367
748 880 367
939 924 727
597 895 454
15 684 560
484 529 617
458 623 103
255 403 231
158 633 630
636 697 871
341 439 676
219 546 374
215 335 70
237 602 148
948 16 591
952 14 696
566 77 607
152 760 352
676 692 42
851 861 390
716 957 420
473 227 84
77 657 463
580 443 271
88 979 655
967 376 722
934 242 231
124 333 480
834 877 725
242 61 183
993 678 469
769 339 318
944 165 967
85 536 913
959 950 510
660 344 134
992 847 823
315 839 508
24 609 568
461 243 893
471 664 453
930 319 68
658 718 276
863 884 981
335 926 219
161 360 347
823 470 86
95 467 267
827 695 859
961 14 106
121 504 515
361 730 825
185 112 493
15 31 667
372 604 637
954 358 838
429 75 739
994 414 760
235 654 956
740 767 517
713 821 957
497 9 366
184 599 554
818 898 130
16 740 355
147 50 298
316 707 503
238 281 241
305 14 480
345 962 91
994 208 494
779 94 712
220 368 339
488 204 220
471 391 265
82 932 493
881 955 158
26 74 290
691 513 524
365 876 630
632 736 692
244 936 780
863 517 74
820 627 236
111 623 444
118 608 194
962 794 281
401 955 681
411 3 901
148 632 948
450 328 683
109 443 423
582 916 813
533 950 546
867 700 187
253 352 789
132 921 616
822 601 110
681 900 635
905 502 769
878 161 196
625 848 58
502 437 394
