800
3200
473 529 280
142 389 774
176 369 558
42 434 717
458 496 623
57 257 379
57 463 542
650 590 276
521 97 557
4 347 997
634 665 11
121 334 873
699 265 998
347 718 877
251 241 45
67 313 372
502 389 686
475 398 793
767 82 762
566 87 108
403 356 689
113 234 192
74 569 828
778 173 209
458 558 552
775 267 689
258 756 335
449 179 624
599 452 259
421 680 649
782 595 951
5 502 143
84 226 195
218 697 385
622 81 990
787 389 857
705 675 997
770 434 413
709 482 552
423 210 751
416 439 863
318 456 721
467 239 994
555 329 564
156 545 360
250 355 61
553 475 732
379 235 462
686 308 176
709 0 396
513 298 366
171 161 847
344 533 337
755 511 219
462 364 916
496 416 527
19 289 914
575 461 490
212 609 107
707 639 676
680 615 775
350 529 292
169 79 975
608 639 464
691 135 637
83 250 301
230 186 136
530 71 397
132 688 442
751 287 885
447 129 600
574 296 651
396 161 166
97 787 946
532 40 231
32 391 730
201 755 382
530 663 545
117 438 300
185 17 493
604 128 371
674 725 970
29 206 508
620 677 494
335 279 9
663 416 812
240 183 816
526 188 637
124 378 129
28 771 767
680 631 229
383 173 390
500 745 33
695 508 955
189 563 936
640 656 310
735 631 288
249 420 338
65 640 164
243 345 248
360 410 767
752 0 807
509 647 45
334 252 78
90 679 53
451 397 567
210 278 845
287 221 889
8 797 895
193 614 254
597 371 326
704 526 172
129 649 362
425 735 422
300 361 366
195 474 202
92 770 232
725 73 229
333 103 479
122 35 2
45 452 646
386 404 320
275 371 30
660 658 394
60 272 74
425 462 319
502 124 728
799 347 38
326 734 505
482 695 128
89 278 114
722 157 37
780 105 367
794 605 184
30 558 588
237 690 882
536 352 260
134 574 222
417 730 921
144 649 260
608 683 787
221 294 912
396 18 575
178 142 119
520 357 405
673 742 504
635 105 605
354 663 916
593 417 821
110 89 322
262 284 801
330 251 148
566 744 418
381 384 404
184 90 19
573 5 861
226 276 287
303 442 346
243 155 727
439 692 973
149 650 729
638 118 692
708 223 40
524 30 818
381 720 733
582 678 303
557 366 346
710 57 648
316 515 844
150 551 146
11 150 750
240 373 174
129 315 293
503 207 422
652 722 1
277 376 675
43 1 916
364 415 95
712 405 482
785 677 861
217 227 566
614 487 272
788 770 651
161 647 229
670 154 476
65 177 873
646 784 887
326 48 798
59 268 601
211 671 723
682 23 121
93 203 385
516 443 279
550 655 517
80 435 429
523 85 0
190 325 577
371 131 922
762 525 707
272 625 728
328 785 31
796 129 934
78 772 682
266 20 149
322 594 456
450 455 949
85 375 774
355 252 656
769 66 838
758 367 357
326 384 575
722 40 274
188 113 632
128 265 373
425 130 391
401 109 34
593 629 728
180 427 381
18 72 202
684 134 227
386 555 908
268 739 279
381 525 524
697 103 757
489 769 120
366 421 659
717 37 464
171 605 351
652 174 164
70 797 465
289 548 370
225 498 500
283 732 500
204 13 33
649 448 937
605 77 403
658 753 459
433 388 39
600 409 630
622 117 885
503 224 935
324 382 961
722 739 504
319 235 526
733 72 88
475 146 746
320 501 6
30 652 81
795 385 161
545 39 261
622 335 406
395 102 977
745 424 862
655 626 861
452 527 824
626 306 777
46 665 805
72 330 182
73 796 92
633 282 8
560 447 734
656 532 163
414 9 504
694 27 769
19 657 872
4 640 807
364 599 217
655 724 649
566 540 812
128 266 604
341 101 289
543 321 430
136 143 152
164 650 426
222 292 843
634 381 467
344 460 692
781 441 832
27 684 381
756 483 915
553 672 661
677 750 49
277 91 10
684 782 982
364 85 740
327 275 983
630 538 4
680 443 157
636 524 560
10 246 432
297 304 50
609 230 24
68 377 47
458 129 463
477 748 489
299 361 686
49 269 135
110 257 54
696 370 455
465 571 480
589 551 669
63 75 758
415 756 930
148 472 851
150 186 0
116 345 937
221 315 227
479 379 329
111 484 840
712 488 225
66 138 202
418 190 515
211 153 679
60 511 995
287 118 649
683 656 850
410 672 500
211 215 3
469 414 25
72 664 445
119 330 180
605 223 122
655 554 376
375 514 714
646 319 273
190 424 599
257 545 882
52 660 845
538 528 235
770 777 208
257 3 867
558 218 707
126 234 691
477 358 802
501 761 87
381 228 798
622 461 191
204 205 718
310 18 404
65 250 829
728 282 403
66 553 188
425 310 84
772 474 351
543 688 418
323 222 717
159 191 652
647 278 167
177 343 659
131 774 113
79 63 260
373 748 527
489 289 335
47 616 53
404 707 690
366 686 921
268 439 332
538 106 893
506 11 685
591 529 259
86 424 338
368 111 890
546 355 905
191 43 375
499 152 68
796 487 814
315 152 385
11 313 812
399 749 607
774 262 971
285 406 272
445 285 432
148 270 44
678 32 583
617 154 93
107 691 344
702 654 315
792 165 454
615 182 332
80 739 819
520 697 312
683 486 241
407 402 475
789 480 459
714 314 443
35 765 413
8 302 856
357 366 881
595 220 206
713 346 662
682 78 811
772 246 764
228 700 283
588 477 381
610 354 560
331 169 19
385 775 345
593 54 122
149 87 828
249 44 419
653 25 534
339 288 20
630 768 220
5 514 835
788 297 880
729 304 779
360 544 35
687 793 341
156 667 794
12 5 937
413 110 444
701 428 789
590 225 710
69 52 133
65 57 6
522 94 325
471 96 937
87 624 475
572 670 291
754 511 108
208 432 817
146 93 394
227 466 453
370 305 154
35 174 980
189 156 634
503 578 541
476 383 257
691 257 838
503 789 834
733 412 455
461 216 418
15 174 549
73 145 54
161 223 206
456 688 541
743 71 553
256 680 370
185 26 194
681 386 247
237 159 657
391 213 631
699 470 809
380 432 14
245 783 274
223 229 4
18 357 511
186 316 146
390 544 300
232 98 422
57 205 366
200 648 551
388 704 412
587 296 440
757 184 490
157 407 296
587 317 83
59 77 890
673 7 820
390 506 41
155 688 744
286 189 866
431 1 980
588 638 840
606 741 206
607 489 838
744 38 740
517 242 525
154 746 356
484 445 764
377 475 167
413 666 26
5 658 501
677 230 174
647 711 343
393 555 468
566 499 304
29 535 868
321 206 360
730 351 607
564 457 483
610 566 172
754 107 869
5 289 901
258 555 178
261 142 54
418 412 759
365 39 108
280 414 509
572 141 624
779 206 530
647 483 455
278 320 443
465 354 631
732 248 65
323 720 904
476 221 197
799 402 297
636 43 299
320 33 786
596 260 373
174 382 324
143 72 425
163 679 424
604 685 747
433 786 819
606 142 178
724 790 142
129 90 619
582 737 959
761 492 55
393 349 266
760 666 445
384 189 335
657 663 261
667 18 725
199 605 466
642 12 790
78 515 514
394 90 846
722 475 317
463 555 578
593 667 952
50 204 629
284 544 539
580 164 288
274 283 944
207 252 341
599 354 619
674 370 169
210 675 300
451 78 546
663 154 496
766 175 680
641 256 605
530 579 781
662 175 226
110 694 918
234 302 606
364 457 795
198 100 157
732 129 240
36 32 140
748 364 535
778 418 301
720 570 152
141 394 141
772 683 413
653 211 79
142 276 639
626 79 144
514 107 107
6 689 304
11 386 72
29 239 606
229 195 75
732 615 453
554 240 371
59 155 940
727 388 396
223 145 646
391 128 880
729 342 271
512 612 937
84 533 918
547 74 67
5 304 27
324 341 464
141 325 235
481 201 783
750 142 918
139 125 589
464 211 218
629 504 7
130 148 909
411 237 434
417 678 454
164 143 845
624 206 179
491 191 128
371 351 908
247 482 184
147 318 874
481 110 290
334 89 709
625 620 933
403 323 974
434 479 29
249 688 525
47 110 384
225 256 464
633 483 494
257 485 185
324 59 695
694 713 671
717 48 967
198 42 514
497 162 19
175 46 302
141 274 490
352 605 425
520 322 661
765 334 510
761 447 625
163 40 751
405 220 494
145 202 350
216 273 185
453 229 889
65 722 925
752 393 208
766 225 643
26 590 547
177 581 627
489 652 4
543 285 374
271 797 113
606 675 852
547 635 248
620 110 691
277 540 490
170 219 256
270 262 215
87 343 419
574 672 343
505 405 166
533 18 740
175 779 300
79 252 974
144 456 179
288 42 87
571 422 431
180 664 621
555 173 858
11 692 294
580 575 420
656 110 259
479 319 666
109 571 159
564 744 71
561 114 443
702 29 88
756 471 550
704 688 514
733 44 340
677 762 545
546 445 279
327 250 662
460 243 304
255 98 801
99 417 584
63 774 415
45 180 949
709 746 331
547 63 180
481 712 623
483 657 152
591 109 332
144 591 644
245 180 279
735 546 53
425 271 464
231 654 824
275 283 265
94 420 689
315 760 769
59 510 338
208 763 147
687 457 298
239 586 408
554 579 403
520 230 638
712 793 256
321 694 300
518 319 339
139 113 410
414 232 429
665 439 747
524 357 553
227 46 424
71 620 648
259 739 37
668 565 889
420 799 778
559 678 177
47 57 188
275 499 721
687 556 660
623 59 298
625 258 922
780 243 585
226 185 520
223 88 249
539 599 299
567 592 321
154 171 556
772 298 428
23 419 450
735 379 804
707 472 7
512 577 920
106 526 76
471 264 35
552 720 663
705 132 748
386 169 472
398 715 952
123 437 849
236 113 314
499 632 515
285 140 376
446 296 639
557 591 178
532 496 627
539 677 834
234 351 467
593 63 854
554 12 438
755 658 792
75 382 735
270 684 721
340 674 898
771 538 734
371 705 396
418 66 402
738 431 719
652 672 14
172 60 90
407 729 943
711 620 199
295 491 375
768 795 562
792 486 712
142 793 633
274 228 666
105 365 88
41 567 578
781 797 582
333 12 248
665 794 384
413 593 921
38 687 453
486 740 474
700 600 632
628 695 772
643 695 717
338 319 0
672 147 891
20 489 322
607 761 748
664 531 893
60 450 888
586 502 337
280 449 817
78 251 971
120 524 739
190 288 338
587 665 350
699 548 258
553 691 744
799 523 336
660 393 213
306 730 263
517 83 40
625 448 159
406 668 606
335 32 148
716 726 79
220 268 470
122 75 566
762 458 111
158 534 386
763 675 513
658 224 776
568 107 231
756 402 316
67 89 494
114 686 897
632 432 674
161 708 375
315 355 257
456 448 431
70 469 980
35 196 907
200 784 908
580 219 462
286 612 796
173 444 980
306 252 97
289 575 594
51 210 310
396 525 410
102 74 462
670 474 84
76 730 287
777 747 493
148 233 472
370 128 967
745 375 956
408 602 465
161 634 842
178 675 395
326 344 288
438 462 469
385 191 175
763 393 748
426 310 477
96 272 813
240 751 491
770 148 598
278 491 900
393 477 837
737 15 52
638 471 340
667 710 181
422 377 855
794 161 255
200 669 704
185 258 158
385 2 954
161 725 731
708 788 852
390 711 888
137 560 180
549 69 597
181 131 209
472 299 903
418 122 395
644 545 355
753 286 476
397 450 64
47 784 614
613 62 93
562 469 906
462 182 525
184 364 137
367 556 78
148 33 505
721 403 168
344 62 855
507 143 975
9 344 769
303 660 617
301 754 348
403 788 931
135 799 61
262 237 667
702 130 357
433 307 35
772 84 565
670 227 639
396 261 320
592 387 674
480 551 173
622 488 545
174 107 102
797 617 128
282 640 913
721 778 588
74 512 741
598 264 110
58 761 549
413 243 2
152 400 573
487 703 675
288 478 582
170 270 862
612 307 523
279 109 770
640 627 881
189 491 770
619 150 359
786 536 409
404 527 150
102 602 99
677 743 10
749 607 218
511 553 501
513 784 509
82 279 249
253 722 764
627 559 522
627 746 776
195 149 676
224 453 787
544 349 375
160 357 95
758 183 459
471 71 40
128 329 3
94 52 13
649 71 852
782 642 135
562 190 963
782 780 462
9 718 852
707 468 77
622 433 846
127 168 451
569 627 944
774 282 101
271 487 799
534 744 86
84 575 212
646 101 881
222 134 779
637 748 263
183 275 640
684 611 502
145 245 557
211 718 840
582 549 193
580 647 296
301 479 315
359 187 595
259 766 510
692 114 90
417 163 417
357 113 72
797 693 827
224 135 839
609 773 372
568 778 743
74 256 545
258 87 659
592 618 741
629 424 25
677 454 973
168 248 538
504 484 103
672 589 61
709 502 355
448 609 446
590 630 843
574 322 396
221 281 504
62 591 789
537 406 884
385 716 922
302 191 819
790 468 45
76 468 638
429 216 10
36 210 416
289 671 884
504 615 194
702 738 176
500 522 611
717 360 356
120 731 646
463 66 647
10 17 522
51 484 61
311 433 471
466 116 358
90 572 609
758 385 363
466 273 499
523 752 353
385 476 954
459 278 477
401 178 704
271 58 254
131 360 780
266 650 824
183 499 866
780 651 619
541 731 418
497 791 328
529 15 717
677 245 681
48 27 76
784 416 76
360 103 452
699 561 993
40 177 188
628 348 601
391 189 155
409 448 253
419 616 987
771 556 874
307 638 59
577 364 756
246 208 697
89 778 860
85 560 277
330 285 234
470 17 632
327 762 421
151 409 774
565 149 545
361 142 444
183 322 889
662 308 513
209 360 529
176 390 722
757 743 868
609 608 931
288 325 762
521 232 213
299 453 548
449 291 709
685 318 343
773 152 128
250 197 949
562 158 220
666 619 369
687 440 145
49 43 786
85 164 903
486 40 673
323 353 753
206 470 938
750 498 679
796 158 820
111 354 848
352 731 884
421 26 174
689 254 409
217 506 26
162 126 707
706 585 877
770 759 963
397 125 324
171 432 712
733 500 99
30 775 374
594 658 922
666 17 521
292 301 46
491 696 518
344 495 741
601 364 432
445 541 655
381 479 738
224 231 216
247 757 970
318 45 33
383 788 147
646 181 197
346 705 619
505 49 761
671 135 651
537 243 850
334 329 329
229 35 566
242 567 781
145 10 273
3 387 753
161 643 600
270 418 133
599 672 960
138 326 941
610 632 550
473 97 906
320 664 974
132 367 76
162 444 553
509 218 990
35 463 431
443 246 301
53 187 190
654 535 347
225 437 859
87 365 405
45 8 625
334 789 788
434 272 674
25 52 624
581 355 842
505 271 524
674 258 560
83 731 603
690 603 859
152 602 40
509 404 426
194 400 312
631 410 986
223 235 613
448 723 273
676 138 289
166 197 588
395 425 5
303 359 832
408 387 519
613 688 143
56 271 533
535 681 635
322 622 860
215 345 242
590 388 809
352 261 802
89 787 338
156 390 304
533 738 617
687 328 471
54 320 997
219 581 529
764 292 345
429 592 615
114 581 547
759 626 880
685 707 24
564 633 251
487 467 42
43 44 837
419 36 214
318 537 14
130 571 941
731 431 8
555 69 407
573 225 491
645 204 563
652 60 900
32 202 403
730 222 757
749 594 835
610 226 77
179 22 192
22 174 786
611 609 862
212 522 657
411 637 786
178 285 132
106 521 495
171 287 321
245 604 644
142 512 330
294 562 875
660 33 108
7 110 315
95 15 754
741 2 532
742 580 32
425 755 662
463 28 3
261 125 965
695 414 124
578 487 838
116 465 984
465 262 431
200 623 268
247 411 171
135 551 804
61 414 861
719 377 329
380 229 289
170 284 831
733 417 419
659 379 60
645 262 216
437 98 657
315 456 249
476 224 439
352 682 73
654 67 443
466 325 760
659 442 633
462 571 813
356 45 989
690 235 342
426 500 893
304 242 424
388 488 445
776 262 630
746 50 474
161 512 92
122 373 535
5 199 428
79 414 441
513 183 428
443 314 40
353 229 107
350 536 643
660 739 114
364 467 637
581 603 484
27 709 122
281 564 287
482 354 304
548 141 597
17 241 800
648 456 424
16 326 576
249 231 342
56 610 376
378 501 424
596 637 993
52 744 615
27 729 964
268 221 811
731 373 749
417 571 156
727 688 246
498 645 954
684 209 407
772 796 310
321 322 273
632 62 65
389 158 91
49 354 399
349 720 173
658 112 938
749 68 866
102 326 835
277 573 834
223 326 987
659 420 464
382 561 950
243 701 101
523 539 242
330 154 987
785 340 227
247 599 339
360 243 144
485 399 705
23 384 459
642 85 398
365 239 87
352 248 973
527 533 640
511 459 83
643 725 896
466 223 294
281 165 761
515 566 272
435 31 937
3 485 117
106 751 76
7 646 961
618 317 918
668 762 798
399 155 588
584 788 278
85 614 474
7 201 612
48 520 561
455 616 275
614 702 276
709 514 815
651 595 999
344 627 74
569 646 381
133 408 115
738 440 670
798 668 670
791 640 788
98 139 998
0 564 168
146 11 65
269 654 540
310 147 792
5 341 936
717 424 71
319 560 140
501 199 763
663 582 16
7 57 570
719 397 591
94 217 856
120 406 814
493 496 899
88 704 28
45 259 0
152 622 188
766 515 862
225 466 785
513 208 344
429 152 243
733 275 458
413 786 853
350 448 47
733 627 613
517 761 270
193 624 344
324 773 997
517 106 690
502 485 791
452 726 289
742 666 948
453 232 370
229 348 228
199 609 976
493 137 923
146 650 19
760 744 128
569 458 628
217 144 256
89 393 814
705 235 488
153 590 699
541 2 350
759 87 394
399 215 139
632 340 937
566 211 173
330 548 399
658 194 519
163 256 473
745 464 620
421 185 324
152 252 396
529 777 946
338 558 746
510 796 213
676 338 962
420 86 741
693 584 324
335 339 987
769 333 333
780 380 53
430 259 266
459 570 947
381 608 852
33 656 728
134 105 946
582 789 743
766 333 559
193 36 509
485 558 973
785 61 43
722 450 651
520 412 769
571 490 454
514 120 460
758 73 183
305 566 336
669 579 8
185 461 747
290 488 228
407 282 856
361 343 552
487 509 22
405 670 332
583 618 432
20 333 278
6 721 272
151 609 795
313 160 936
574 292 301
723 666 60
600 319 952
371 316 487
762 66 204
331 120 844
48 186 732
488 102 100
315 260 344
739 247 429
337 106 685
747 132 15
791 459 850
501 767 396
303 718 352
335 175 927
745 445 761
600 487 691
75 597 438
647 489 705
352 43 924
404 530 615
443 8 761
20 233 972
16 107 369
660 359 334
737 701 776
11 537 524
430 127 661
291 96 314
404 569 765
379 93 712
785 246 781
577 542 751
670 473 115
584 658 883
129 281 519
754 55 210
189 464 738
740 725 941
303 117 108
399 364 177
408 150 669
210 464 15
685 745 134
302 377 391
489 786 120
657 76 930
57 796 30
403 580 644
547 496 652
19 447 708
350 567 541
543 449 489
595 553 93
499 2 409
494 185 239
298 482 589
460 564 792
135 621 744
348 22 483
616 544 850
634 703 760
149 166 511
669 580 505
147 319 467
777 358 198
605 591 355
709 433 594
733 507 48
229 125 796
594 742 402
410 710 60
64 226 437
673 108 148
410 660 813
194 553 838
68 645 751
685 127 486
365 757 438
304 610 931
168 49 175
688 321 92
177 111 900
791 209 887
602 145 407
124 179 430
577 210 211
604 341 837
561 494 387
162 197 351
606 211 120
782 350 898
76 330 349
567 556 149
244 19 870
290 305 706
155 569 251
230 521 97
372 274 519
277 642 663
135 288 690
623 62 242
288 687 639
512 279 592
449 186 564
251 126 251
576 487 175
544 356 91
305 521 565
767 229 804
92 289 352
699 104 522
404 382 851
440 772 328
790 320 638
441 525 312
744 784 607
570 210 744
591 222 184
746 496 785
628 552 803
685 324 487
323 609 707
519 247 7
583 738 322
292 105 230
198 92 865
127 67 323
304 128 894
657 635 632
778 711 155
200 187 845
313 113 540
622 716 513
282 113 449
321 526 5
351 375 338
161 222 745
631 301 57
425 396 829
478 792 117
672 756 98
293 176 332
763 632 734
714 689 587
792 350 263
197 386 842
364 474 18
326 145 722
387 157 639
52 126 823
358 602 467
193 797 632
621 788 740
137 568 997
257 240 101
276 374 669
793 52 619
292 107 134
12 634 252
207 475 711
646 359 975
172 253 650
394 798 460
624 354 39
72 195 597
729 454 255
723 223 568
390 56 770
539 88 99
15 632 399
781 21 926
636 326 903
756 118 574
707 771 393
21 109 283
102 645 347
711 231 702
242 543 286
207 511 423
573 629 781
658 424 723
355 379 588
453 471 917
82 145 582
489 277 168
542 555 238
290 270 564
762 316 133
700 73 703
308 374 968
398 274 163
510 500 758
795 39 355
41 668 559
730 184 383
789 774 300
4 378 880
311 511 901
637 455 279
448 713 846
349 478 997
44 782 565
711 458 730
799 180 203
626 379 757
282 469 413
597 225 9
772 363 817
495 143 768
311 575 165
345 798 218
555 389 779
76 623 388
430 466 937
4 498 697
307 291 130
665 430 362
288 225 270
541 748 927
718 147 59
284 92 169
770 159 626
134 690 205
42 15 556
729 292 841
591 409 635
744 774 211
162 351 679
62 141 610
544 768 292
267 527 894
559 729 27
704 107 161
734 693 870
19 459 805
645 430 797
701 322 441
766 656 654
785 12 371
551 165 603
42 572 446
582 261 306
647 61 697
774 349 770
603 760 96
227 405 640
417 348 18
70 789 289
594 38 997
690 214 309
577 288 129
312 252 766
126 306 32
125 298 722
48 463 155
404 95 659
171 90 615
639 732 770
175 677 455
486 105 124
180 76 136
474 372 576
438 464 465
775 352 365
108 427 526
20 665 765
206 669 755
410 51 730
415 20 996
171 305 226
185 553 317
676 468 254
709 322 835
767 153 748
169 140 108
628 574 345
767 409 661
654 506 422
34 414 768
160 25 91
22 67 967
579 121 463
317 433 421
790 715 543
459 211 176
265 96 590
426 346 167
42 110 449
642 566 920
360 767 794
22 180 85
370 89 296
74 740 93
652 230 387
350 121 537
650 211 189
110 733 856
658 379 739
450 38 889
88 330 257
415 556 554
529 205 581
276 56 734
106 225 227
761 291 253
779 557 235
293 136 195
157 746 120
55 254 282
3 450 172
277 267 508
619 67 837
182 202 48
367 589 184
505 739 873
149 228 25
516 758 800
199 361 665
616 747 141
714 125 231
283 721 946
26 111 295
258 615 31
649 773 972
263 785 435
178 656 665
168 313 559
164 518 849
277 271 105
213 636 47
87 784 506
502 395 922
57 72 181
739 553 884
375 688 43
138 298 280
60 323 617
267 309 685
58 120 505
6 583 495
271 596 325
251 73 917
345 753 167
729 53 996
455 82 825
751 634 245
371 486 618
106 761 671
57 338 317
197 298 675
673 165 705
125 409 864
246 441 524
192 703 12
516 774 190
294 298 484
439 162 171
61 723 913
315 187 700
602 490 605
749 617 456
774 596 908
701 85 567
487 30 418
201 487 659
121 655 237
472 667 41
198 473 237
650 568 674
562 196 117
289 746 269
68 350 433
604 234 24
694 481 773
499 647 259
764 628 782
298 97 250
323 532 811
320 481 772
675 202 214
621 708 835
12 352 348
383 598 589
177 547 456
247 438 866
309 15 652
634 466 688
211 65 80
347 768 427
406 424 959
485 390 263
264 194 943
154 94 937
553 506 843
280 97 18
175 24 695
517 161 555
608 506 733
692 579 650
508 781 911
458 499 266
636 584 156
701 53 163
544 424 171
387 167 604
101 755 306
359 362 386
373 109 893
178 188 36
109 728 585
163 469 848
611 15 909
510 119 833
170 115 40
358 401 856
124 331 511
353 496 527
341 538 581
779 239 427
198 55 323
475 636 912
710 230 411
701 775 913
570 494 174
502 732 617
7 733 995
458 449 71
134 298 363
712 168 562
295 295 431
277 524 887
401 632 53
486 338 145
98 84 146
263 705 426
432 173 115
738 55 603
736 106 191
797 518 368
610 367 987
30 137 157
226 670 943
86 4 912
713 695 667
289 763 261
294 631 895
386 457 84
263 234 604
694 699 96
19 411 833
138 546 244
241 190 406
342 29 999
297 330 407
592 455 478
157 59 845
658 10 870
289 461 388
318 95 646
150 226 781
765 148 179
114 575 588
435 497 130
446 307 524
447 577 965
662 659 292
211 370 829
560 251 81
386 276 818
298 392 690
437 770 385
295 538 956
685 545 885
720 143 562
686 726 414
235 344 951
563 381 533
554 154 898
515 185 751
194 757 441
115 681 295
714 123 431
158 81 954
362 80 928
264 570 523
540 645 81
67 798 194
528 602 699
741 712 895
480 541 113
182 249 129
128 394 947
698 699 643
674 291 360
131 415 762
401 555 115
446 301 587
519 105 165
786 40 111
137 499 335
720 504 743
486 590 585
655 764 497
430 611 41
714 562 58
190 201 749
663 73 270
194 562 861
580 359 554
645 19 313
331 245 75
745 254 897
353 727 547
427 239 227
410 3 707
462 302 327
628 370 521
309 170 422
520 72 709
181 497 937
33 787 679
266 127 966
481 98 913
401 760 898
680 223 573
434 517 816
635 634 682
207 242 334
244 748 807
227 218 910
160 50 143
354 648 999
262 605 662
82 581 219
285 488 936
241 428 160
750 115 375
201 84 588
698 664 487
112 529 787
648 718 209
234 761 740
236 97 829
503 272 662
656 67 677
161 453 643
55 388 334
742 98 521
433 34 585
153 324 401
622 609 919
117 494 630
419 129 743
565 144 604
583 699 208
489 82 313
356 96 987
251 708 850
770 201 172
95 396 946
90 454 610
16 442 694
29 473 264
778 300 984
169 107 998
799 740 873
708 17 992
319 629 755
438 240 756
279 156 996
757 120 743
359 296 414
149 491 408
370 218 569
540 797 822
725 702 454
678 144 137
571 73 909
781 664 938
582 34 764
281 765 795
303 456 398
138 316 185
249 159 43
544 122 33
158 684 419
612 62 384
477 217 549
777 693 132
647 771 405
495 516 658
168 391 918
751 550 572
559 407 690
48 403 227
461 567 461
342 231 136
163 758 323
39 246 536
90 22 766
284 791 910
539 590 850
772 575 41
537 420 617
447 178 543
90 743 651
745 149 916
500 316 18
83 374 900
748 734 503
569 603 207
770 47 665
529 42 838
746 241 686
373 626 866
600 633 448
661 586 661
623 256 601
394 187 733
63 301 889
240 118 265
738 13 508
630 411 141
161 47 184
514 243 739
643 135 695
487 180 186
252 645 303
469 141 868
52 573 893
666 440 955
664 418 33
67 54 663
89 230 841
438 99 365
425 620 704
84 392 302
421 365 844
70 358 753
68 404 19
130 73 240
144 486 464
157 764 587
377 432 475
55 798 278
6 255 184
358 518 731
398 795 889
356 140 362
741 174 314
773 0 493
343 639 380
471 113 265
720 342 761
764 710 787
97 247 24
162 756 9
357 779 488
42 230 785
453 634 555
458 65 835
312 38 328
607 650 460
793 625 474
668 615 440
335 36 584
347 704 369
488 173 262
282 101 244
63 123 154
655 321 840
675 173 604
362 447 718
270 22 949
436 203 550
501 464 60
665 568 758
375 403 984
224 272 107
86 767 87
135 97 809
231 126 536
54 196 689
41 289 302
488 694 855
525 720 469
194 658 676
137 665 530
746 220 660
513 309 913
652 459 508
131 22 157
772 669 883
455 478 511
568 693 622
254 188 582
295 173 311
450 170 109
108 388 420
21 193 917
51 147 389
464 450 977
751 599 472
597 625 485
170 693 29
365 77 384
677 176 893
271 404 828
25 775 183
198 773 810
292 491 451
484 215 756
614 235 27
346 175 756
360 402 788
657 257 238
12 246 592
420 209 256
399 317 753
50 152 719
493 367 131
581 619 342
450 341 146
450 86 322
72 51 15
599 287 657
55 29 562
352 72 758
676 94 293
611 721 69
336 134 732
390 119 793
351 415 545
231 7 911
23 395 303
425 770 113
400 386 247
41 579 981
765 221 132
134 685 754
600 343 480
165 77 134
54 595 841
784 753 156
559 314 441
550 87 777
17 715 37
731 525 28
709 350 624
379 442 912
420 660 94
228 167 885
639 310 518
687 622 766
666 753 202
155 359 838
158 756 448
782 693 251
445 718 890
185 475 475
327 351 614
8 516 37
577 523 337
769 473 275
699 686 518
102 37 400
215 351 730
69 594 466
563 521 184
760 481 930
157 232 788
37 451 115
57 128 766
386 222 566
493 726 765
217 449 519
392 418 796
182 115 63
218 284 643
369 613 607
555 252 42
253 322 287
753 594 846
642 58 52
384 28 520
517 560 451
298 295 786
486 352 65
250 164 922
364 432 210
541 443 694
561 397 90
269 619 316
195 267 137
344 427 16
212 193 145
212 88 304
196 389 825
90 395 720
383 414 695
245 469 904
186 13 569
258 640 704
782 442 764
302 437 289
180 713 347
237 2 734
643 150 976
700 518 123
488 70 33
2 268 410
643 113 191
342 33 643
396 574 867
167 731 936
91 734 146
211 97 220
41 777 575
100 287 843
44 193 594
41 724 826
400 708 615
224 90 428
730 719 644
178 260 217
95 738 192
282 527 898
366 34 866
657 65 442
656 515 439
753 204 807
616 173 255
606 194 792
266 350 5
195 89 151
128 723 797
390 75 570
183 509 59
684 89 509
443 388 54
654 259 885
97 687 388
375 28 154
244 20 849
28 769 979
176 579 499
35 425 886
706 105 849
149 373 96
443 461 346
683 411 483
252 511 267
595 570 51
559 82 97
563 372 524
54 470 310
409 406 910
247 271 707
117 245 944
324 145 183
555 239 857
470 202 733
218 68 469
178 728 927
275 112 988
708 170 836
782 774 431
138 383 30
795 707 922
39 165 86
142 421 799
430 115 370
640 738 97
382 464 294
341 624 148
424 154 991
445 188 674
676 70 253
705 577 349
142 681 202
162 234 6
129 436 303
151 338 175
282 775 442
665 672 502
245 177 589
578 792 917
794 146 513
509 54 553
197 726 91
575 659 818
261 768 728
10 681 339
669 723 629
777 218 714
343 436 511
504 191 903
698 329 148
633 461 180
104 795 700
241 276 628
157 796 16
141 137 765
321 470 593
362 347 388
644 711 569
377 704 760
41 309 191
772 506 303
200 306 801
481 390 683
409 51 728
197 23 168
453 538 187
711 191 498
722 268 73
5 747 691
496 489 697
377 526 660
627 182 324
286 669 480
458 785 757
739 775 204
276 320 380
187 718 289
349 648 36
599 777 27
49 753 61
0 622 665
338 79 107
221 349 657
788 555 306
577 463 302
139 462 836
84 600 327
661 278 523
714 255 77
495 122 628
798 648 220
525 399 300
546 612 716
659 173 986
124 120 136
349 296 491
499 69 339
521 558 989
424 627 281
451 609 859
564 69 331
292 276 75
115 486 400
195 241 508
230 239 872
629 35 289
750 310 130
163 400 116
231 391 961
601 225 140
440 102 703
219 325 933
685 464 744
465 397 23
371 720 250
396 748 140
172 702 131
41 29 273
233 570 818
433 606 531
67 534 903
709 422 825
724 560 444
772 375 440
514 754 78
469 656 27
450 519 746
130 600 818
327 297 405
398 108 37
1 193 279
449 215 272
63 702 916
373 460 984
655 174 841
730 109 455
162 784 850
604 244 309
36 219 744
377 379 213
547 308 854
19 462 639
264 580 726
132 504 592
552 66 315
24 28 811
305 650 840
564 484 37
630 314 661
236 18 41
348 503 51
338 573 782
477 79 810
510 321 237
464 403 354
57 705 412
47 645 684
89 220 310
745 748 2
767 782 43
513 685 577
122 597 944
166 187 490
544 457 216
264 487 515
192 700 198
150 339 799
98 76 500
482 317 93
607 80 684
708 432 189
330 646 168
313 391 659
728 528 317
709 48 947
447 218 521
119 278 257
0 610 974
238 629 499
486 548 422
726 696 963
190 514 615
52 542 621
52 239 882
483 634 856
611 382 685
463 82 177
578 710 932
37 533 886
567 523 512
177 150 643
522 156 869
117 466 23
109 586 151
63 207 540
741 399 43
122 622 237
544 249 308
209 260 288
168 574 105
7 346 740
716 721 201
702 685 676
50 728 256
262 636 426
363 404 906
105 674 326
624 436 476
499 162 605
390 251 906
201 696 254
763 49 690
667 73 630
754 633 381
221 193 180
240 756 93
548 663 831
366 201 360
572 46 472
694 284 582
726 169 909
729 84 4
53 554 250
502 727 617
444 268 151
551 324 42
40 322 975
234 667 920
523 264 253
115 607 36
533 348 832
199 611 418
282 606 947
365 737 693
109 467 919
656 340 354
336 127 288
485 143 86
755 642 881
230 696 953
277 583 241
681 26 951
115 299 779
347 691 334
336 304 227
271 71 508
628 197 13
125 195 765
498 38 217
609 675 414
237 436 778
436 585 985
396 466 169
20 118 634
459 704 809
92 553 75
350 321 104
256 642 789
730 529 942
787 406 946
532 288 16
321 642 262
134 187 403
350 577 503
530 605 1
298 323 777
773 159 196
233 406 356
351 546 878
690 601 927
245 527 92
223 296 240
68 231 63
72 571 592
457 610 675
98 141 218
372 797 27
196 742 224
682 331 24
579 160 73
715 734 154
767 78 327
358 426 129
527 668 759
39 548 189
319 716 197
612 789 713
446 166 990
278 536 989
542 520 827
171 373 163
598 537 378
184 286 30
411 178 645
344 510 841
47 693 602
335 45 83
359 430 912
441 63 128
766 684 242
660 366 373
154 209 629
227 210 381
784 453 399
92 59 723
116 320 69
504 132 774
351 486 590
489 512 564
350 724 372
509 602 478
62 154 965
292 251 917
407 241 805
86 556 574
405 734 385
116 781 992
450 257 569
280 509 135
694 153 786
675 576 687
554 429 277
167 685 336
177 14 291
473 56 627
106 19 330
546 549 650
483 313 178
61 63 697
195 100 637
478 35 533
477 346 742
662 735 50
118 80 421
80 179 772
154 28 97
536 7 616
602 227 954
619 59 744
573 143 357
543 384 431
560 317 998
723 198 36
690 102 162
183 784 662
359 714 519
492 322 377
3 280 243
524 260 76
651 420 666
343 749 905
773 759 342
665 217 111
91 722 987
38 26 576
76 473 741
10 569 75
587 207 610
469 732 940
455 371 340
196 459 628
127 4 311
292 384 155
548 294 465
186 670 732
278 119 116
232 70 877
550 692 680
520 544 788
520 154 888
91 658 44
215 771 891
303 616 400
31 409 734
663 735 320
265 529 464
276 691 989
338 676 985
641 329 854
71 644 920
443 537 576
569 529 264
621 239 536
763 558 474
696 26 655
538 208 729
485 313 493
341 197 331
42 587 158
644 690 278
353 420 183
132 15 948
108 537 552
602 741 862
28 67 378
65 763 24
335 588 341
613 383 900
608 411 279
400 557 244
270 311 246
622 528 666
490 227 91
194 103 674
615 294 95
353 746 240
239 454 209
664 641 5
75 288 118
445 737 678
238 266 172
261 318 943
220 324 37
316 495 432
471 150 269
738 643 793
780 267 155
644 124 296
136 75 486
755 520 539
108 541 917
457 738 414
644 600 482
685 63 390
127 554 809
295 564 609
666 583 815
334 389 536
625 300 448
207 574 702
710 98 689
702 388 255
145 468 464
466 355 126
115 573 517
199 709 564
552 601 467
67 445 585
781 711 910
645 344 552
222 598 617
465 15 212
321 799 746
591 395 308
658 435 750
529 8 413
250 788 26
156 512 300
419 607 212
108 286 474
402 4 113
716 379 700
387 661 1
652 798 54
162 500 312
544 622 162
106 799 799
372 363 864
581 389 686
544 335 245
308 779 685
429 210 900
220 777 840
459 671 715
650 547 638
463 276 816
70 208 731
299 313 365
791 48 323
129 792 695
310 381 577
614 709 597
414 646 275
544 101 437
156 491 137
264 26 424
450 428 852
584 711 49
288 472 527
224 433 267
625 174 979
628 612 942
475 616 102
311 586 485
262 520 289
228 707 105
180 189 70
447 541 746
727 314 677
489 270 333
496 277 375
523 235 674
668 20 71
98 234 959
229 731 513
190 109 790
1 425 323
784 621 234
145 608 71
167 750 895
434 724 400
611 665 219
305 338 225
263 21 851
157 658 658
730 418 744
20 374 931
536 794 282
546 321 655
383 550 646
594 431 483
518 425 160
719 220 681
15 47 745
681 85 146
102 309 637
610 782 684
568 620 60
17 172 312
248 212 838
256 161 628
528 778 26
68 561 992
713 311 604
719 495 574
104 650 805
257 761 199
294 542 377
114 512 924
143 144 157
652 587 808
797 745 148
570 99 142
744 70 907
446 496 643
293 619 467
401 150 318
223 685 353
226 31 317
629 63 478
299 363 720
431 485 461
533 358 813
442 639 313
615 271 476
329 583 329
732 302 766
198 36 792
541 760 719
736 340 395
39 373 955
257 792 148
130 461 861
70 582 619
472 692 491
461 688 573
274 96 415
19 222 644
504 392 397
214 509 478
563 334 450
444 234 183
73 48 787
689 255 159
494 769 197
154 138 376
27 265 443
789 538 960
797 330 50
503 52 994
312 130 719
541 784 274
1 2 643
147 183 385
371 265 435
110 397 948
222 427 174
526 707 628
400 175 619
760 690 972
476 696 366
10 209 981
395 719 907
391 68 117
656 551 573
605 508 18
747 149 240
44 739 928
249 696 750
769 178 448
94 10 670
645 245 595
293 34 541
221 6 337
92 282 22
411 132 9
518 279 690
620 348 721
84 148 975
293 455 584
81 12 981
630 674 342
493 582 436
648 775 638
670 275 89
263 561 896
635 470 498
104 416 615
323 493 216
705 726 223
306 659 284
434 337 149
284 615 776
714 294 126
365 244 222
147 360 330
173 623 857
328 486 958
422 317 468
47 193 994
232 589 178
397 312 308
754 611 883
106 598 739
582 185 897
37 652 840
408 139 749
394 663 713
68 411 854
670 254 297
426 256 62
113 111 804
615 633 305
587 118 726
4 91 853
616 565 304
648 102 633
757 494 721
18 53 567
720 234 126
349 148 967
341 485 680
9 163 969
25 363 731
283 389 235
378 678 412
518 589 171
74 166 267
795 106 480
656 739 753
643 751 748
595 217 879
159 687 711
283 344 417
357 633 603
531 238 256
168 10 23
276 92 798
208 199 334
345 478 328
189 398 595
455 272 427
260 548 460
531 81 766
358 777 714
588 173 317
265 528 628
602 312 863
672 88 819
497 288 601
797 340 338
413 422 975
314 541 318
702 608 866
581 294 330
523 352 254
779 720 957
283 670 733
103 489 882
701 77 391
246 352 60
26 14 88
628 638 406
678 133 533
261 274 263
259 709 141
392 58 33
482 479 985
175 634 444
68 99 517
227 598 548
20 713 739
190 719 487
576 598 948
41 177 493
39 602 997
152 565 559
217 22 275
206 102 570
704 410 683
450 774 454
609 476 949
417 115 505
520 63 844
617 25 297
403 108 236
620 165 686
69 426 376
250 781 952
305 42 566
786 182 177
552 271 33
524 321 660
505 784 205
369 162 621
554 418 598
175 642 755
497 331 577
779 374 23
699 602 712
175 611 324
739 298 200
590 97 439
749 785 688
299 283 414
584 165 351
616 684 830
661 421 849
112 672 214
229 691 775
269 624 976
164 7 433
497 642 930
98 174 506
746 650 454
19 278 808
727 444 682
405 488 301
711 207 619
622 457 503
545 119 757
53 492 149
339 26 270
346 493 600
87 743 67
99 123 364
259 357 259
685 161 291
152 764 329
363 105 197
434 619 59
266 365 74
150 719 38
574 315 374
703 645 899
257 472 194
346 767 765
184 744 756
453 202 358
364 220 562
530 184 254
455 738 983
537 515 767
156 740 748
736 691 585
536 414 374
406 57 965
45 327 389
450 72 835
380 407 632
758 384 673
254 292 883
308 91 686
407 450 996
188 792 48
22 19 501
506 193 528
735 19 840
770 275 750
50 162 883
588 307 556
384 685 971
9 744 235
265 5 508
191 591 634
450 43 822
732 175 490
36 47 257
206 241 867
232 97 252
570 774 375
757 316 241
19 156 238
176 356 228
182 303 712
136 767 326
49 137 409
229 661 303
768 683 170
593 450 212
241 640 463
108 480 145
762 694 261
750 642 654
464 687 202
629 97 79
524 325 181
716 253 511
436 375 915
185 526 404
702 498 874
720 173 418
563 678 51
132 49 434
687 662 37
574 554 582
577 201 722
126 398 498
53 209 166
665 190 158
132 79 92
587 751 987
284 227 51
726 249 688
422 314 780
382 767 635
668 333 846
577 705 452
35 338 791
381 7 162
196 719 585
64 783 360
437 210 996
728 355 817
770 19 526
654 570 561
416 444 186
747 329 405
187 781 79
377 150 237
131 266 218
242 351 28
262 767 940
537 441 3
563 70 416
509 40 81
255 643 914
731 577 333
796 206 824
768 477 107
701 728 106
267 761 480
232 438 241
445 721 73
99 396 23
493 787 203
527 326 215
725 359 818
735 746 751
486 287 938
426 475 503
191 725 193
768 120 502
349 430 362
93 366 199
778 625 199
747 244 170
116 544 622
206 373 619
439 301 253
781 321 528
418 752 386
566 77 730
663 361 948
356 534 539
21 319 683
656 792 939
732 626 493
363 333 917
28 137 752
671 370 367
321 508 924
702 477 676
470 572 960
224 280 273
344 475 950
422 15 713
443 729 586
92 643 534
127 640 969
501 268 434
222 445 146
692 503 33
277 144 797
765 400 17
313 169 97
677 257 543
742 495 913
53 556 599
760 799 537
32 577 650
363 699 196
44 592 339
349 42 339
130 404 339
107 712 986
127 712 464
234 767 659
353 83 284
356 156 481
738 500 518
478 521 707
618 659 634
253 85 303
325 787 535
652 652 628
57 26 353
337 562 71
382 479 622
685 267 605
285 230 730
656 660 239
616 74 748
2 655 214
254 259 859
704 779 358
215 481 798
426 693 463
568 531 728
534 627 185
697 599 640
238 316 961
458 793 653
561 765 727
422 427 474
411 639 740
147 585 469
627 584 401
315 610 383
42 67 273
246 185 825
652 536 114
176 398 739
610 735 575
364 331 385
663 739 224
622 9 78
752 417 52
293 36 730
429 125 510
227 564 147
215 229 411
399 324 263
633 18 346
673 667 461
201 168 390
752 136 283
782 650 941
473 217 123
78 524 460
406 427 781
796 119 47
359 442 392
425 374 615
512 136 922
770 451 858
204 288 418
12 710 710
482 600 117
363 474 369
357 772 718
240 382 429
64 520 318
382 450 13
495 162 929
21 634 460
6 209 202
680 359 602
263 69 161
641 768 778
119 66 864
429 102 197
546 607 932
608 191 476
511 133 4
715 374 181
705 587 120
110 53 225
622 544 485
134 686 900
531 402 756
29 435 637
486 635 913
164 531 117
44 213 448
613 572 682
689 296 559
718 685 108
738 683 819
773 278 563
104 271 454
503 343 569
354 654 869
458 611 47
715 371 545
723 452 791
750 238 832
197 504 816
563 371 172
747 270 344
466 174 334
