
Result short path:
0 INF 553 INF INF INF INF INF 879 INF 
384 0 702 250 973 599 1683 INF 1028 2619 
INF INF 0 INF INF INF INF INF 326 INF 
134 3068 687 0 723 3667 1433 INF 1013 2369 
844 2345 1397 710 0 2944 710 INF 345 1646 
351 INF 904 INF INF 0 INF INF 1230 INF 
134 1635 687 0 723 2234 0 INF 1013 936 
509 2010 1062 375 1098 2609 375 0 1388 1311 
INF INF INF INF INF INF INF INF 0 INF 
1083 699 1401 949 1672 1298 2382 INF 1727 0 


Result predecessors:
0 0 1 0 0 0 0 0 3 0 
4 0 2 2 4 2 5 0 3 7 
0 0 0 0 0 0 0 0 3 0 
4 10 1 0 4 2 5 0 3 7 
4 10 1 7 0 2 5 0 5 7 
6 0 1 0 0 0 0 0 3 0 
4 10 1 7 4 2 0 0 3 7 
4 10 1 7 4 2 8 0 3 7 
0 0 0 0 0 0 0 0 0 0 
4 10 2 2 4 2 5 0 3 0 

Time : 0.000011 s
