
Result short path:
0 2731 1825 1129 1514 INF 900 1379 1781 1543 2271 2940 586 1179 1232 2696 841 2515 909 INF 
INF 0 INF INF INF INF INF INF INF INF INF INF INF INF INF INF INF INF INF INF 
1984 1692 0 1443 1028 INF 1214 1693 742 1857 446 1115 1208 926 746 1657 428 690 1223 INF 
2118 1826 2177 0 1162 INF 3018 3497 876 3661 2623 3292 1342 1060 880 1791 1331 2867 3027 INF 
956 3687 2781 2085 0 INF 1856 2335 2737 2499 3227 3896 1542 2135 2188 3652 1797 3471 1865 INF 
1934 2195 1898 924 978 0 695 1174 1245 624 2344 3013 1158 643 696 2160 914 2588 373 INF 
1570 1831 1534 229 614 INF 0 479 881 643 1980 2649 794 279 332 1796 550 2224 9 INF 
INF INF INF INF INF INF INF 0 INF INF INF INF INF INF INF INF INF INF INF INF 
1242 950 1301 2371 286 INF 2142 2621 0 2785 1747 2416 466 184 4 915 455 1991 2151 INF 
1330 2986 1294 2459 374 INF 2230 2709 2036 0 1740 2409 554 39 92 2951 310 1984 2239 INF 
1538 1246 1597 997 582 INF 768 1247 296 1411 0 669 762 480 300 1211 751 244 777 INF 
1337 1287 1534 1038 381 INF 809 1288 337 1452 41 0 561 279 99 1252 550 285 818 INF 
INF INF INF INF INF INF INF INF INF INF INF INF 0 INF INF INF INF INF INF INF 
1291 2947 1255 2420 335 INF 2191 2670 1997 2834 1701 2370 515 0 53 2912 271 1945 2200 INF 
1238 3127 1435 2367 282 INF 2138 2617 2177 2781 1881 2550 462 180 0 3092 451 2125 2147 INF 
2370 2078 386 1829 1414 INF 1600 2079 1128 2243 832 1501 1594 1312 1132 0 814 1076 1609 INF 
2968 2676 984 2427 2012 INF 2198 2677 1726 2841 1430 2099 2192 1910 1730 2641 0 1674 2207 INF 
1585 1293 1644 753 629 INF 524 1003 343 1167 47 716 691 527 347 1258 798 0 533 INF 
1561 1822 1525 551 605 INF 322 801 872 965 1971 2640 785 270 323 1787 541 2215 0 INF 
1736 370 1933 2865 780 INF 2636 3115 2675 3279 2379 3048 960 678 498 3590 949 2623 2645 0 


Result predecessors:
0 9 17 7 15 0 1 7 19 7 3 11 1 19 14 9 1 11 7 0 
0 0 0 0 0 0 0 0 0 0 0 0 0 0 0 0 0 0 0 0 
5 9 0 7 15 0 18 7 11 7 3 11 15 15 9 9 3 11 7 0 
5 9 16 0 15 0 1 7 4 7 3 11 15 15 9 9 14 11 7 0 
5 9 17 7 0 0 1 7 19 7 3 11 1 19 14 9 1 11 7 0 
5 9 17 7 15 0 19 7 19 6 3 11 15 19 14 9 14 11 6 0 
5 9 17 7 15 0 0 7 19 7 3 11 15 19 14 9 14 11 7 0 
0 0 0 0 0 0 0 0 0 0 0 0 0 0 0 0 0 0 0 0 
5 9 16 7 15 0 1 7 0 7 3 11 15 15 9 9 14 11 7 0 
5 9 17 7 15 0 1 7 11 0 3 11 15 10 14 9 14 11 7 0 
5 9 16 7 15 0 18 7 11 7 0 11 15 15 9 9 14 11 7 0 
5 9 17 7 15 0 18 7 11 7 12 0 15 15 12 9 14 11 7 0 
0 0 0 0 0 0 0 0 0 0 0 0 0 0 0 0 0 0 0 0 
5 9 17 7 15 0 1 7 11 7 3 11 15 0 14 9 14 11 7 0 
5 9 17 7 15 0 1 7 11 7 3 11 15 15 0 9 14 11 7 0 
5 9 16 7 15 0 18 7 11 7 3 11 15 15 9 0 3 11 7 0 
5 9 17 7 15 0 18 7 11 7 3 11 15 15 9 9 0 11 7 0 
5 9 16 7 15 0 18 7 11 7 18 11 18 15 9 9 14 0 7 0 
5 9 17 7 15 0 19 7 19 7 3 11 15 19 14 9 14 11 0 0 
5 20 17 7 15 0 1 7 11 7 3 11 15 15 20 9 14 11 7 0 

Time : 0.000091 s
