
Result short path:
0 1476 INF 661 1636 1011 729 320 1382 1735 2079 2880 466 2993 1128 665 613 1014 1719 3443 2883 2679 1001 2372 937 1128 1258 384 820 481 644 2310 1804 1476 137 3960 283 2692 614 309 
1546 0 INF 844 1265 640 1387 60 2326 2679 957 2120 649 3937 1877 325 796 1958 597 4387 2123 3623 1224 1612 1120 1311 1441 1874 1003 664 827 1550 1044 48 1081 4904 1032 1570 1558 1058 
590 1613 0 738 2137 1512 1319 910 1877 2230 2156 3375 953 577 1718 1152 676 1509 1796 1027 3378 263 1118 2867 1340 1205 1745 974 849 968 673 2805 2299 1661 632 1544 873 2339 1109 899 
1112 1225 INF 0 1951 1326 1841 734 1892 2245 1418 3345 215 3503 1443 414 362 1524 1058 3953 3348 3189 380 2837 602 467 1007 1356 553 230 393 2775 2269 1273 647 4470 598 2031 1124 624 
2767 2150 INF 1655 0 1058 3293 2210 3394 3747 2863 4270 1870 5005 1175 2069 1287 3026 2503 5455 4273 4691 1048 3762 1270 1912 1932 2024 2208 1155 2048 3700 3194 2198 2302 5972 330 3476 2626 356 
3392 2775 INF 2280 625 0 3918 2835 4019 4372 3488 4895 2495 5630 1800 2694 1912 3651 3128 6080 4898 5316 1673 4387 1895 2537 2557 2649 2833 1780 2673 4325 3819 2823 2927 6597 955 4101 3251 981 
3477 2170 INF 2775 1964 1339 0 759 4257 3540 3111 2819 2580 4798 2388 1024 1307 3889 2751 5248 2822 4484 2261 2311 2455 3125 1952 3209 2934 1175 2758 2249 1743 747 3012 5765 1543 3724 3489 376 
INF INF INF INF INF INF INF 0 INF INF INF INF INF INF INF INF INF INF INF INF INF INF INF INF INF INF INF INF INF INF INF INF INF INF INF INF INF INF INF INF 
1879 2100 INF 1818 1296 671 2608 1501 0 1936 3057 3081 1623 3194 2244 1822 1163 1215 2697 3644 3084 2880 2117 2573 787 2285 2415 1541 1336 1638 1160 2511 2005 2148 338 4161 1399 3670 815 1425 
1803 1916 INF 1101 1613 2017 2532 1425 2558 0 2519 1145 906 1258 2134 1105 1053 2190 2159 1708 1148 944 1481 637 781 1568 1698 1535 1260 921 1084 575 69 1964 1313 2225 1289 3020 1790 1315 
1800 1495 INF 1098 2394 1769 430 649 2580 2933 0 3249 903 4191 2131 1102 1050 2212 851 4641 3252 3877 1478 2741 1374 1565 1695 2128 1257 918 1081 2679 2173 1177 1335 5158 1286 1824 1812 806 
2524 2045 INF 1822 2334 2146 3253 2105 3279 721 2986 0 1627 1979 2263 286 1182 2911 2626 2429 3 1665 2136 1358 1502 2289 1827 2256 1981 1050 1805 1296 790 2093 2034 2946 1418 3599 2511 1444 
897 1010 INF 195 1736 1111 1626 519 1677 2030 1613 3130 0 3288 1228 199 147 1309 1253 3738 3133 2974 575 2622 471 662 792 1225 354 15 178 2560 2054 1058 432 4255 383 2226 909 409 
1596 1817 INF 2257 1560 935 2325 1218 1300 1653 2774 2798 2062 0 1961 2142 880 932 2414 3361 2801 2597 1834 2290 2056 2698 2372 1980 1053 1595 877 2228 1722 1865 55 3878 1116 3387 532 1142 
2277 1972 INF 1575 3116 2491 2118 1899 2219 2572 1688 3717 1380 3830 0 1579 1527 1851 1328 4280 3720 3516 1955 3209 1851 737 2172 2605 1734 1395 1558 3147 2641 2020 1812 4797 1763 2301 1451 1789 
3289 1759 INF 2457 2485 1860 3130 1819 4069 4422 2700 3879 2392 5680 1977 0 896 3701 2340 6130 3882 5366 1850 3371 2072 2714 1541 2826 2746 764 2570 3309 2803 1807 2824 6647 1132 3313 3301 1158 
2673 2056 INF 1561 1589 964 3199 2116 3300 3653 2769 4176 1776 4911 1081 1975 0 2932 2409 5361 4179 4597 954 3668 1176 1818 1838 1930 2114 1061 1954 3606 3100 2104 2208 5878 236 3382 2532 262 
2524 2637 INF 1822 2334 2738 3253 2146 3279 721 3240 1866 1627 1979 2855 1826 1774 0 2880 2429 1869 1665 2202 1358 1502 2289 2419 2256 1981 1642 1805 1296 790 2685 2034 2946 2010 3741 2511 2036 
949 644 INF 247 1788 1163 790 571 1729 2082 360 2764 52 3340 1280 251 199 1361 0 3790 2767 3026 627 2256 523 714 844 1277 406 67 230 2194 1688 692 484 4307 435 973 961 461 
2718 1439 INF 2016 2704 2079 2826 686 2910 3263 2396 3559 1821 4521 3049 1764 1968 2542 2036 0 3562 4207 2396 3051 2292 2483 2613 3046 2175 1836 1999 2989 2483 1487 2253 517 2204 1312 2142 2230 
2521 2042 INF 1819 2331 2143 3250 2102 3276 718 2983 1863 1624 1976 2260 283 1179 2908 2623 2426 0 1662 2133 1355 1499 2286 1824 2253 1978 1047 1802 1293 787 2090 2031 2943 1415 3596 2508 1441 
1910 2131 INF 2571 1874 1249 2639 1450 1614 1967 3088 3112 2376 314 2275 2456 1194 1246 2728 764 3115 0 2148 2604 2370 3012 2686 2294 1367 1909 1191 2542 2036 2179 369 1281 1430 2076 846 1456 
1719 1832 INF 607 2558 1933 2448 1341 2499 2852 2025 3952 822 4110 1738 1021 969 2131 1665 4560 3955 3796 0 3444 222 1074 1614 976 1160 837 1000 3382 2876 1880 1254 5077 1205 2638 1731 1231 
3316 2699 INF 2204 976 1607 3842 2759 3943 4296 3412 4819 2419 5554 1724 2618 1836 3575 3052 6004 4822 5240 1597 0 1819 2461 2481 2573 2757 1704 2597 4249 3743 2747 2851 6521 879 4025 3175 905 
1733 1846 INF 1031 2572 1947 2462 1355 2513 2866 2449 3966 836 4124 1516 1035 983 2145 2089 4574 3969 3810 1411 3458 0 1498 1628 754 1190 851 1014 3396 2890 1894 1268 5091 1219 3062 1745 1245 
1540 1235 INF 838 2379 1754 1381 1162 1482 1835 951 2980 643 3093 1871 842 790 1114 591 3543 2983 2779 1218 2472 1114 0 1435 1868 997 658 821 2410 1904 1283 1075 4060 1026 1564 714 1052 
1748 1443 INF 1046 2587 1962 1589 282 2528 2881 1159 3563 851 4139 2079 775 998 2160 799 4589 3566 3825 1426 3055 1322 1513 0 2076 1205 866 1029 2993 2487 1491 1283 5106 1234 1772 1760 1260 
979 1092 INF 277 1818 1193 1708 601 1759 2112 1695 3212 82 3370 762 281 229 1391 1335 3820 3215 3056 657 2704 553 744 874 0 436 97 260 2642 2136 1140 514 4337 465 2308 991 491 
INF INF INF INF INF INF INF INF INF INF INF INF INF INF INF INF INF INF INF INF INF INF INF INF INF INF INF INF 0 INF INF INF INF INF INF INF INF INF INF INF 
2525 995 INF 1693 1721 1096 2366 1055 3305 3658 1936 3115 1628 4916 1213 1320 132 2937 1576 5366 3118 4602 1086 2607 1308 1950 777 2062 1982 0 1806 2545 2039 1043 2060 5883 368 2549 2537 394 
719 940 INF 1380 1592 967 1448 341 2101 2454 1897 3060 1185 3712 1084 1265 3 1733 1537 4162 3063 3398 957 2552 1179 1821 1495 1103 176 718 0 2490 1984 988 856 4679 239 2510 1333 265 
1228 1341 INF 526 2067 1442 1957 850 2008 1291 1944 570 331 2549 1559 530 478 1640 1584 2999 573 2235 906 1928 206 993 1123 960 685 346 509 0 1360 1389 763 3516 714 2557 1240 740 
1734 1847 INF 1032 1544 1948 2463 1356 2514 1797 2450 1076 837 3055 2065 1036 984 2146 2090 3505 1079 2741 1412 568 712 1499 1629 1466 1191 852 1015 506 0 1895 1269 4022 1220 3063 1746 1246 
2730 2036 INF 2028 1217 592 3407 12 3510 2793 2977 2072 1833 4051 2254 277 1173 3142 2617 4501 2075 3737 2127 1564 1708 2495 1818 2462 2187 1041 2011 1502 996 0 2265 5018 1409 3590 2742 1435 
1541 1762 INF 2202 2414 1789 2270 1163 1245 1598 2719 2743 2007 2856 1906 2087 825 877 2359 3306 2746 2542 1779 2235 2001 2643 2317 1925 998 1540 822 2173 1667 1810 0 3823 1061 3332 477 1087 
2201 922 INF 1499 2187 1562 2309 982 2393 2746 1879 3042 1304 4004 2532 1247 1451 2025 1519 4454 3045 3690 1879 2534 1775 1966 2096 2529 1658 1319 1482 2472 1966 970 1736 0 1687 795 1625 1713 
2437 1820 INF 1325 1353 728 2963 1880 3064 3417 2533 3940 1540 4675 845 1739 957 2696 2173 5125 3943 4361 718 3432 940 1582 1602 1694 1878 825 1718 3370 2864 1868 1972 5642 0 3146 2296 26 
1406 127 INF 704 1392 767 1514 187 1598 1951 1084 2247 509 3209 1737 452 656 1230 724 3659 2250 2895 1084 1739 980 1171 1301 1734 863 524 687 1677 1171 175 941 4176 892 0 830 918 
1064 1285 INF 1725 1937 1312 1793 686 768 1121 2242 2266 1530 2379 1429 1610 348 400 1882 2829 2269 2065 1302 1758 1524 2166 1840 1448 521 1063 345 1696 1190 1333 1106 3346 584 2855 0 610 
3324 1794 INF 2492 2520 1895 3165 1854 4104 4457 2735 3914 2427 5715 2012 2119 931 3736 2375 6165 3917 5401 1885 3406 2107 2749 1576 2861 2781 799 2605 3344 2838 1842 2859 6682 1167 3348 3336 0 


Result predecessors:
-1 29 -1 12 5 36 0 0 38 17 18 31 27 21 36 12 29 38 25 21 11 9 36 32 12 3 29 0 30 12 12 32 9 6 0 19 0 18 34 36 
30 -1 -1 12 5 33 10 33 38 17 18 31 18 21 36 33 29 38 1 21 11 9 3 32 12 3 29 24 30 12 12 32 33 1 12 19 16 18 34 36 
2 30 -1 2 5 13 0 0 38 17 18 31 3 21 36 12 30 38 25 21 11 2 3 32 22 3 29 0 30 12 2 32 9 1 13 19 0 35 34 36 
30 29 -1 -1 5 36 0 30 38 17 18 31 3 21 36 12 29 38 25 21 11 9 3 32 22 3 29 24 3 12 12 32 33 1 12 19 16 18 34 36 
30 29 -1 22 -1 36 10 33 38 17 18 31 3 21 36 12 29 38 25 21 11 9 36 32 22 14 29 24 3 39 12 32 33 1 12 19 4 18 25 36 
30 29 -1 22 5 -1 10 33 38 17 18 31 3 21 36 12 29 38 25 21 11 9 36 32 22 14 29 24 3 39 12 32 33 1 12 19 4 18 25 36 
30 29 -1 12 5 33 -1 33 38 20 18 31 31 21 36 33 29 38 26 21 11 9 36 32 31 14 29 24 30 39 12 32 33 6 12 19 16 18 34 6 
-1 -1 -1 -1 -1 -1 -1 -1 -1 -1 -1 -1 -1 -1 -1 -1 -1 -1 -1 -1 -1 -1 -1 -1 -1 -1 -1 -1 -1 -1 -1 -1 -1 -1 -1 -1 -1 -1 -1 -1 
30 30 -1 12 5 8 0 30 -1 17 18 31 27 21 36 12 30 38 1 21 11 9 36 32 8 3 29 24 30 12 38 32 9 1 8 19 16 18 34 36 
30 29 -1 12 23 36 0 30 38 -1 18 31 31 21 36 12 29 38 25 21 11 9 3 32 31 3 29 24 30 12 12 32 9 1 13 19 16 35 34 36 
30 18 -1 12 5 33 10 10 38 17 -1 31 18 21 36 12 29 38 10 21 11 9 3 32 12 3 29 24 30 12 12 32 33 6 12 19 16 18 34 6 
30 29 -1 12 23 36 0 33 38 20 18 -1 31 21 36 20 29 38 26 21 11 9 36 32 31 3 29 24 30 15 12 32 9 1 13 19 16 18 34 36 
30 29 -1 12 5 36 0 30 38 17 18 31 -1 21 36 12 29 38 25 21 11 9 3 32 12 3 29 24 30 12 12 32 33 1 12 19 16 18 34 36 
30 30 -1 12 5 13 0 30 38 17 18 31 27 -1 36 33 30 38 1 21 11 9 36 32 22 14 29 0 30 30 38 32 9 1 13 19 16 18 34 36 
30 18 -1 12 5 36 10 30 38 17 18 31 18 21 -1 12 29 38 25 21 11 9 3 32 12 14 29 24 30 12 12 32 9 1 12 19 16 18 25 36 
30 29 -1 22 5 36 10 33 38 17 18 31 18 21 36 -1 29 38 26 21 11 9 36 32 22 14 29 24 30 15 12 32 33 1 12 19 16 18 34 36 
30 29 -1 22 5 36 10 33 38 17 18 31 3 21 36 12 -1 38 25 21 11 9 36 32 22 14 29 24 3 39 12 32 33 1 12 19 16 18 25 36 
30 29 -1 12 23 36 0 30 38 17 18 31 31 21 36 12 29 -1 25 21 11 9 3 32 31 3 29 24 30 12 12 32 9 1 13 19 16 35 34 36 
30 18 -1 12 5 36 10 30 38 17 18 31 18 21 36 12 29 38 -1 21 11 9 3 32 12 3 29 24 30 12 12 32 33 1 12 19 16 18 34 36 
30 37 -1 12 5 33 10 19 38 17 18 31 37 21 36 33 29 38 1 -1 11 9 3 32 12 3 29 24 30 12 12 32 33 1 12 19 16 35 37 36 
30 29 -1 12 23 36 0 33 38 20 18 31 31 21 36 20 29 38 26 21 -1 9 36 32 31 3 29 24 30 15 12 32 9 1 13 19 16 18 34 36 
30 30 -1 12 5 13 0 19 38 17 18 31 27 21 36 33 30 38 1 21 11 -1 36 32 22 14 29 0 30 30 38 32 9 1 13 19 16 35 34 36 
30 29 -1 22 5 36 0 30 38 17 18 31 3 21 27 12 29 38 25 21 11 9 -1 32 22 3 29 24 3 12 12 32 33 1 12 19 16 18 34 36 
30 29 -1 22 23 36 10 33 38 17 18 31 3 21 36 12 29 38 25 21 11 9 36 -1 22 14 29 24 3 39 12 32 33 1 12 19 23 18 25 36 
30 29 -1 12 5 36 0 30 38 17 18 31 27 21 27 12 29 38 25 21 11 9 3 32 -1 3 29 24 30 12 12 32 33 1 12 19 16 18 34 36 
30 18 -1 12 5 36 10 30 38 17 18 31 18 21 36 12 29 38 25 21 11 9 3 32 12 -1 29 24 30 12 12 32 9 1 12 19 16 18 25 36 
30 18 -1 12 5 36 10 26 38 17 18 31 18 21 36 26 29 38 26 21 11 9 3 32 12 3 -1 24 30 12 12 32 33 1 12 19 16 18 34 36 
30 29 -1 12 5 36 0 30 38 17 18 31 27 21 27 12 29 38 25 21 11 9 3 32 12 3 29 -1 30 12 12 32 33 1 12 19 16 18 34 36 
-1 -1 -1 -1 -1 -1 -1 -1 -1 -1 -1 -1 -1 -1 -1 -1 -1 -1 -1 -1 -1 -1 -1 -1 -1 -1 -1 -1 -1 -1 -1 -1 -1 -1 -1 -1 -1 -1 -1 -1 
30 29 -1 22 5 36 10 33 38 17 18 31 18 21 36 33 29 38 26 21 11 9 36 32 22 14 29 24 30 -1 12 32 33 1 12 19 16 18 34 36 
30 30 -1 12 5 36 0 30 38 17 18 31 27 21 36 33 30 38 1 21 11 9 36 32 22 14 29 0 30 30 -1 32 33 1 0 19 16 18 34 36 
30 29 -1 12 5 36 0 30 38 20 18 31 31 21 36 12 29 38 25 21 11 9 3 32 31 3 29 24 30 12 12 -1 9 1 12 19 16 18 34 36 
30 29 -1 12 23 36 0 30 38 20 18 31 31 21 36 12 29 38 25 21 11 9 3 32 31 3 29 24 30 12 12 32 -1 1 12 19 16 18 34 36 
30 29 -1 12 5 33 10 33 38 20 18 31 31 21 36 33 29 38 26 21 11 9 36 32 31 3 29 24 30 15 12 32 33 -1 12 19 16 18 34 36 
30 30 -1 12 5 36 0 30 38 17 18 31 27 21 36 33 30 38 1 21 11 9 36 32 22 14 29 0 30 30 38 32 9 1 -1 19 16 18 34 36 
30 37 -1 12 5 33 10 33 38 17 18 31 37 21 36 33 29 38 1 21 11 9 3 32 12 3 29 24 30 12 12 32 33 1 12 -1 16 35 37 36 
30 29 -1 22 5 36 10 33 38 17 18 31 3 21 36 12 29 38 25 21 11 9 36 32 22 14 29 24 3 39 12 32 33 1 12 19 -1 18 25 36 
30 37 -1 12 5 33 10 33 38 17 18 31 37 21 36 33 29 38 1 21 11 9 3 32 12 3 29 24 30 12 12 32 33 1 12 19 16 -1 37 36 
30 30 -1 12 5 36 0 30 38 17 18 31 27 21 36 33 30 38 1 21 11 9 36 32 22 14 29 0 30 30 38 32 9 1 8 19 16 18 -1 36 
30 29 -1 22 5 36 10 33 38 17 18 31 18 21 36 33 29 38 26 21 11 9 36 32 22 14 29 24 30 39 12 32 33 1 12 19 16 18 34 -1 

Time : 0.000646 s
