10000
5000
7565 1223 774
7537 5448 793
1728 7661 625
4390 3546 134
4882 802 711
6793 2184 861
7427 3493 282
1084 9285 53
5192 5130 650
8037 8691 555
681 2353 809
3873 6017 269
3113 3555 631
4675 2192 989
1894 2620 657
6670 8311 482
8353 3536 229
2644 9477 956
7169 4354 340
4328 4251 28
7724 9423 448
3108 818 994
4852 5336 526
6303 5291 288
2122 5287 173
1477 385 239
5924 9713 821
2387 2552 287
2659 857 736
175 3557 690
4247 1458 447
6846 4461 328
6291 8281 480
2419 82 64
4521 3385 400
3649 6999 924
7800 1933 481
3064 9016 91
3007 45 7
247 7584 717
1417 3170 726
6621 5128 665
2496 6122 484
2747 9828 43
6039 2815 725
5430 5162 158
1546 6214 947
4868 7487 382
5069 1660 274
3458 5355 770
7538 7064 41
4777 99 565
4890 1147 135
642 4508 585
3099 8213 541
3700 5053 829
491 7012 270
7504 6638 867
4826 1109 460
6102 1853 528
7975 2592 167
9430 4677 390
3354 5398 157
5358 6662 54
1565 871 742
8898 636 660
9112 8236 33
6362 9547 878
6633 9150 885
4763 9018 335
7437 2940 787
4804 5257 746
4295 9746 670
3080 1783 855
6530 6226 28
6712 7001 360
3937 8070 575
9119 5146 812
2036 6137 46
4989 2203 198
163 2817 205
3155 4703 95
7153 9982 86
5086 6404 969
9655 397 941
114 4867 962
2195 3930 492
6249 4289 308
6523 1740 348
4299 3388 346
7469 5630 580
1755 5320 75
4203 5251 450
6718 3357 401
4737 8719 789
1913 6788 808
4571 6089 961
4976 9375 257
8348 3786 891
7273 6172 585
1492 3566 36
6324 8920 602
6850 5050 282
7293 269 722
7137 5622 106
3464 8343 988
5152 4640 287
1226 6359 845
3918 1939 974
1249 1815 275
9597 2237 357
422 7073 253
5105 4719 1
1137 9344 929
4378 8071 722
6099 2999 257
1084 7124 85
3525 5751 318
9777 2961 274
9260 1169 500
7913 5377 621
6763 8060 581
2573 9751 104
6974 8896 168
9880 9045 705
2920 810 357
6048 1081 541
7606 2697 934
6859 4262 645
3247 9949 966
7653 1852 401
8298 6117 168
3309 7489 587
8882 7735 377
1269 9872 519
9072 2844 794
7946 8365 400
174 6980 571
9697 4779 845
1967 411 117
4391 8949 216
862 4104 165
6912 6862 599
1420 6252 303
5014 9643 476
7547 8079 127
8621 4253 998
4307 9527 879
5555 5561 274
9651 1465 989
5797 9181 648
4274 8065 456
9214 8091 682
5563 3063 594
7769 1235 270
4157 2845 630
8225 1922 690
2360 3642 760
451 1669 418
1442 690 568
8887 512 840
2882 301 275
442 26 5
599 727 447
2467 3996 394
8152 7505 65
9180 9777 723
5813 5406 642
4285 7400 573
5254 4233 497
9266 1327 464
4148 8841 377
3872 5129 443
9227 9248 478
3018 8296 715
1714 4503 267
393 7731 754
260 4147 947
1026 6044 218
9869 969 550
1690 6733 853
5189 7630 687
4007 8897 172
9771 7168 26
6806 2131 73
6509 2769 633
966 6903 671
4732 6552 202
7058 6339 660
4442 922 500
1844 2746 278
4633 8046 973
6719 3333 342
4843 4980 305
456 7398 827
3861 3413 689
4155 9006 516
2268 774 290
1374 7665 201
9452 6302 467
3624 8678 340
3073 8098 331
6420 8070 113
7142 197 659
4013 6932 257
3749 3956 193
5848 9565 489
1554 6607 82
1596 3022 130
221 6954 907
7124 2006 288
6544 7399 679
3774 2172 466
2419 2249 998
4488 7686 797
9513 8915 453
2475 8905 70
4994 504 660
6053 315 844
6276 2289 1
8390 7932 511
5277 5381 669
2002 2752 404
5762 1562 345
1539 894 654
4317 3733 535
1604 9120 342
3704 692 242
9652 5896 685
8318 6254 27
4085 9562 729
7857 7107 122
9160 9958 308
8281 4183 546
5610 6969 146
5578 4716 276
9331 8606 784
9660 1517 170
7471 9146 201
9326 50 287
3381 9683 271
6279 2134 823
7077 6686 536
822 6732 973
9516 157 339
8612 9343 728
2588 9871 994
1960 6428 429
3151 9619 146
6914 9427 959
9471 5895 34
6398 3710 473
3728 7890 684
234 1970 551
2713 4903 683
8233 1713 787
1707 3423 161
4896 6292 131
614 2224 190
6031 9078 943
1045 9349 626
4505 9589 631
1848 3901 25
3537 833 429
9981 7542 17
4493 7149 506
6682 1529 637
3894 4633 412
4026 9045 137
4082 4718 253
6533 2400 803
5377 9206 817
9902 2117 646
2282 7609 186
4580 6471 85
9968 3548 410
1225 5566 834
403 8415 838
2677 32 615
7855 2254 74
7692 979 147
4808 2809 718
4984 4351 62
4715 9324 629
2637 6026 619
6054 8633 534
5043 1268 426
9996 8146 919
6430 6809 841
2802 7623 952
6818 410 788
5432 1901 152
2158 2333 928
8538 9344 3
2920 5215 769
9178 8712 672
9518 8740 680
2244 7773 724
6631 2519 554
4218 231 458
6657 3794 250
6809 4929 628
4496 563 883
181 27 792
4912 4736 676
2038 1405 655
2414 6373 142
7634 5566 596
9802 7837 309
5676 7052 118
4447 377 700
4910 6941 18
5266 8539 733
2367 5896 128
1556 9280 608
1462 3837 965
5780 3216 89
3621 6251 59
1443 2194 644
6271 1856 213
9926 7812 108
5198 7627 816
192 3273 700
9711 7153 823
7705 3355 525
2985 1050 112
5345 2576 764
6810 9271 619
899 7695 385
7738 1533 290
1014 1476 357
6959 5770 876
4814 340 363
6707 1199 453
127 2231 296
3900 4952 880
3596 8247 59
1490 9368 167
2511 2124 101
5759 2957 804
2214 5038 484
2400 4718 364
8891 6407 89
6574 2615 258
3129 6231 754
7065 5497 0
2889 4204 848
1054 9619 62
3089 6058 811
5724 7056 250
296 8494 704
9913 8559 27
989 2337 831
7464 6787 545
3987 5070 747
2414 5223 592
5745 8214 838
2681 8463 471
4913 9550 974
3308 1335 424
9822 1051 312
6760 3192 355
7205 6688 303
3603 9929 873
4282 7997 975
6112 6751 269
480 2064 790
3659 5382 464
2398 7822 512
4902 1122 125
4492 8959 913
1754 9588 484
3152 6915 717
4734 8682 189
7360 4926 712
4588 8765 932
5315 5989 540
8706 5613 697
5354 4286 267
5704 6960 525
2847 4624 228
6573 2517 943
6842 32 112
1598 1384 192
6467 8289 441
4079 8868 888
1042 2920 558
6646 7696 628
4117 2166 352
4160 152 478
7033 4290 443
1359 5242 139
9918 906 252
9927 4130 881
228 1399 912
3854 3971 263
1629 2030 712
2590 5483 184
4854 8740 648
3687 5717 961
1028 2435 216
3196 146 498
7791 1706 761
5028 5963 71
5661 3352 446
4279 8332 228
4920 3909 515
3253 5921 397
3831 1643 699
6103 7048 801
1244 5989 729
8935 7461 265
2943 6337 315
4729 5611 298
6434 4438 355
1475 1227 96
2161 9910 148
3067 5316 370
6573 8283 694
2431 9589 545
2575 3679 26
8986 4463 64
1844 196 115
6423 4425 830
1642 7544 255
4214 9916 937
4054 8391 260
1649 9523 440
4776 7809 653
2832 6065 580
8681 8384 987
3495 6802 84
9991 7297 775
9241 7729 558
4471 3508 419
4280 109 646
4633 6106 850
6913 9038 508
1886 5766 675
2520 2082 804
9507 8541 524
3139 5344 939
1418 2673 947
7842 9356 891
2966 8449 109
3838 6423 631
7204 8962 181
6546 4245 255
2525 3332 172
2960 5218 930
7577 8725 419
7491 9235 68
8527 8172 318
99 1307 261
2890 7293 459
5245 8524 958
5226 9246 331
4282 4140 299
1703 3701 300
4264 7576 423
1151 3937 695
7147 7086 547
4393 6463 761
4288 7563 345
337 2994 649
2838 9554 567
1206 7687 894
1910 107 362
1389 4703 232
7473 5488 230
4185 85 211
3300 5222 186
2940 6248 129
4513 9693 374
5053 9813 699
6760 3526 878
5738 5990 843
8986 2483 773
7453 9849 253
3553 6140 581
9430 1004 436
667 8207 984
6063 2176 334
8721 5742 566
7120 1642 492
3032 5066 280
3963 155 37
7393 3508 297
6316 2772 986
2243 9977 138
253 8186 981
2921 3055 582
3200 7249 946
3265 7857 951
7551 2406 996
6432 4619 124
105 1457 241
5275 1592 307
3085 3092 977
8217 2308 656
8859 1342 714
7734 5227 696
1723 7839 938
496 6043 451
3100 2155 168
7354 7589 594
3397 2651 598
9673 539 496
8902 8762 66
6742 6852 777
8371 8767 20
7895 3889 47
6887 8841 534
9205 9608 842
107 9220 730
4774 4639 494
3642 7405 960
7148 788 229
2488 2935 207
5284 4898 808
3998 3569 262
5196 6112 37
8415 7009 624
2743 8496 438
9622 8946 3
9884 7242 773
9150 5726 631
9461 7055 308
282 8116 166
8557 3745 709
2553 7914 681
7656 4080 864
4422 9005 938
388 4434 533
4187 2232 286
7687 1289 24
1958 7623 307
5336 5243 432
5534 5784 619
7633 6898 121
6559 319 129
9129 8164 167
6308 3215 236
8448 6874 471
5109 53 659
8678 5530 323
563 7867 418
1704 705 506
4216 6259 795
3290 4706 7
5360 5925 412
3845 9774 131
1448 9328 118
4887 8701 152
2297 4397 477
1361 6954 851
6186 8628 692
7934 4615 384
4837 4161 7
6464 3663 355
1444 6103 77
3509 2830 510
1164 2011 381
9237 9991 867
2102 6294 566
3423 4873 760
4555 1947 409
4835 8757 733
6750 6079 971
2152 6494 757
5211 9789 201
635 7961 89
9126 4820 159
7923 1101 855
867 1035 360
3556 7257 815
3317 4315 404
1789 4828 958
4705 6064 372
4206 3402 475
6841 6565 203
3294 5881 473
638 5804 121
835 1670 681
6994 869 144
1503 8629 584
5641 5052 577
8723 5516 764
5946 2822 181
1382 9496 394
6295 3326 342
3666 7035 504
5772 3925 567
772 868 525
7684 8289 311
2589 228 914
9437 4246 748
7996 6504 178
1055 1538 117
3893 1089 997
2851 4855 818
3961 5018 120
5926 3570 770
9036 1851 145
1261 3157 16
7243 9264 15
2613 6814 783
3909 160 617
122 162 15
8728 190 322
2044 2917 165
6633 7962 360
7886 8867 665
3408 3574 287
7448 8254 430
9356 1655 556
5434 6020 389
2162 4935 197
1123 1479 595
4897 9410 142
396 468 915
4538 7072 2
6662 3498 191
3122 8229 92
9978 5547 793
7552 9684 565
9589 4027 693
6880 2954 385
8485 9994 508
9032 9857 645
5808 4668 989
438 9487 748
6727 7059 905
4205 5041 551
725 1018 309
9515 7897 144
9279 4555 374
6510 1070 966
2143 6626 277
4293 7856 806
5847 2071 506
7990 9080 549
6779 6672 812
5104 4936 544
6520 8084 109
5444 5144 811
2989 7313 905
7795 6712 493
7978 7719 527
76 3164 345
8118 6447 780
6117 408 95
8253 3289 667
861 4503 234
9921 9938 143
4969 9931 526
7417 9996 928
7406 4290 363
3249 3731 502
4295 3478 573
5206 556 139
2523 6969 266
7175 1068 465
8426 7522 419
4459 7448 845
4534 6732 343
8831 8918 285
3800 1866 304
1532 1675 44
3359 3875 400
1466 8171 93
3841 4272 861
5825 5375 514
99 3862 754
6256 2152 694
6046 1379 194
925 1052 235
1039 5536 422
8836 8254 723
5044 2594 737
1494 5815 119
6052 532 729
6776 6247 542
9248 9501 330
8561 8486 564
2938 1700 806
1011 6723 198
4032 4654 192
2211 1132 454
1234 6440 286
2736 2932 797
4695 6526 4
5669 7916 445
8862 9057 287
8532 1585 781
1714 3994 749
540 4921 606
78 2593 806
4171 9616 484
3005 9684 767
6348 9634 408
1458 8553 751
8011 1321 794
2448 4832 336
3453 4784 894
3639 1251 420
7135 9511 614
9813 8437 266
6313 1521 895
2313 4883 238
6915 5624 89
7002 4639 99
4786 1354 470
9966 186 357
8606 9512 564
1702 5229 46
1123 6334 249
9919 9511 73
7426 1442 742
8983 7598 795
738 82 63
7828 1498 870
1797 6901 205
1494 6830 789
8486 8188 723
4580 8071 291
8564 6783 21
4957 9058 501
7417 1284 817
1165 1985 489
7546 305 13
512 9581 856
3286 6579 844
607 5223 810
1158 4594 883
4916 3516 257
7128 4075 864
1445 1645 678
4370 9351 827
469 1418 684
4586 6971 509
3009 9608 354
2928 7747 407
7740 7268 53
3431 4217 755
1392 6853 628
3417 945 589
141 9215 65
8834 2381 958
9476 160 54
6700 9385 533
2585 5510 839
3018 9926 992
335 2168 981
3238 1012 998
3441 2695 369
8189 199 671
7121 7404 50
6570 6207 92
3134 9707 336
3296 2546 678
9721 6616 648
2227 8989 471
7404 9195 735
1860 7418 118
8537 9650 314
2424 7811 134
2812 6499 553
6466 7543 165
39 3988 945
7570 6109 750
4179 1782 165
2085 7599 541
273 6043 555
8947 4238 838
7577 3808 512
1763 3620 887
1961 1971 808
4739 8967 903
6879 6591 833
9915 7238 844
1599 6069 177
8138 5087 805
7179 6582 626
2071 4899 827
8612 603 638
3638 8177 871
664 5252 533
6812 5735 48
4361 1761 89
9683 551 481
2880 3777 417
2258 1455 312
3992 7243 771
1266 8367 270
3264 6393 273
5270 3927 264
2080 7190 616
9434 3194 213
4351 5826 544
3829 8299 329
7528 9050 622
3482 6704 5
9779 2733 656
6388 1598 754
6278 564 955
8302 2984 376
744 6641 128
3037 3986 109
4161 118 908
4885 3032 17
8690 3804 537
3633 3573 134
9780 1899 857
198 1778 901
2844 5188 914
768 3598 605
4420 3282 462
5488 5971 722
564 8250 687
6420 7034 385
4805 514 225
5534 3815 47
4187 103 444
1553 3401 286
1291 5240 42
7862 6234 550
9600 7423 610
4484 5063 247
4304 9867 76
7754 962 900
619 5269 411
5719 3153 557
6880 9261 157
9348 6378 516
2988 1979 269
120 7286 511
5510 925 657
6935 7752 401
6190 7170 740
3204 624 470
2814 7449 24
9495 1430 404
3835 899 747
2302 1346 634
6218 3850 353
8592 8343 846
8661 502 562
4720 33 162
3008 4540 199
4585 8919 608
4603 3795 93
7755 2745 996
1256 9284 711
1049 9677 877
8428 1363 116
7695 7140 274
4823 2788 400
8906 6473 306
2729 8393 375
8507 5843 2
5431 4575 507
6565 5999 17
8563 4589 299
7335 4780 318
8352 8424 883
5683 6355 987
3416 2052 69
3015 2838 759
4295 5380 402
3952 5117 262
8621 3626 6
1583 704 180
2147 9660 268
8415 9430 593
1227 2740 451
1795 9900 875
5433 9141 488
1418 461 27
4517 5946 575
4100 2738 788
3928 2459 286
3609 3572 475
8192 805 263
5162 1958 166
9645 1259 373
5804 1615 708
5081 2270 18
4219 814 307
162 978 889
5388 6502 423
8838 2944 19
7434 7842 291
4464 3222 703
6340 8186 799
8980 1260 219
6557 7359 779
48 2631 375
2539 9799 363
3216 5748 3
7431 406 827
6913 9431 484
6459 2626 759
1655 2633 938
464 1734 283
1409 5609 470
4678 6819 670
3770 5230 518
5261 5395 21
8635 1984 833
434 9922 14
6181 3275 420
4593 357 549
2635 867 72
3670 4546 957
3351 7209 479
6419 1951 977
3101 1881 334
1693 7366 488
3821 7755 826
7984 7582 120
6411 1190 981
3802 2383 820
9370 3126 794
1911 8445 714
4073 5658 694
3141 8122 191
957 2611 75
9392 7622 434
1076 2102 190
8397 4628 747
4052 6025 191
8737 9888 144
9874 6232 473
9912 7417 350
7227 4885 919
3651 2336 600
6507 8136 304
3279 7038 401
9604 1876 313
4115 9042 750
5351 5035 884
6035 6100 647
4 7304 719
1672 2777 131
4855 2338 497
8178 592 580
727 4803 104
8409 3281 248
1138 6452 391
3866 351 881
5462 5020 100
2992 5612 210
7657 7826 463
2191 2379 537
5750 5442 769
7644 9408 306
8411 3108 754
2535 3010 637
9806 6300 537
6690 7014 384
4958 2944 168
7967 6539 749
6634 911 720
7678 3339 894
6005 6484 627
1041 9586 952
9515 3953 298
296 3650 655
1464 3080 818
2027 6322 57
3442 5566 475
410 3653 745
6972 9533 299
7126 2362 224
2741 5592 662
2206 8998 885
279 1820 604
686 2994 144
9249 1602 643
3249 4746 488
6577 6945 325
3608 8563 513
686 8653 638
1705 3321 884
3758 5610 865
6085 2250 546
3473 8942 800
8241 5692 611
2637 4602 695
4205 8199 958
6392 4985 475
1363 7187 239
7354 1871 497
960 4958 956
9440 359 924
5546 6177 444
3762 3102 917
7726 1191 375
733 8093 157
6212 7707 512
5614 5371 237
742 2915 405
9746 1597 373
3895 4010 177
3450 9012 884
3399 8451 477
146 4285 0
5929 8717 981
9407 8884 593
6949 6609 191
1814 7713 894
3399 7102 751
8084 4063 114
782 6448 887
8843 8129 411
2436 5429 816
6627 3475 493
420 4230 726
4565 8740 269
4133 5553 456
8618 2920 52
4374 7048 57
6490 6438 623
1373 7140 593
7348 1293 960
6960 1805 246
5602 7018 941
4366 15 198
9365 5152 157
1240 4591 379
3413 4677 988
9825 7122 777
2238 6854 439
7671 8330 861
7472 8497 901
3851 9420 876
3743 3518 762
2215 8855 530
6164 9311 954
3773 1897 643
5889 5957 478
4666 4377 291
3898 3722 920
4819 773 999
1998 7495 76
8652 6684 208
9127 1395 68
7524 6421 571
5237 2018 473
3039 2672 220
497 9656 271
6518 8703 385
619 8949 533
243 2431 450
5034 3179 609
5518 958 967
8808 3426 507
9422 5167 482
8853 1892 780
2191 6617 537
1149 616 884
2240 4954 957
7972 3877 725
8385 1185 481
1247 1145 1
2588 4084 617
9161 3610 849
7085 3004 820
4825 5437 950
9730 6345 905
7758 5277 898
4630 2497 621
2930 2697 162
5963 8487 854
7955 6544 629
8248 5089 313
4226 5431 139
7525 3052 507
2691 5067 840
131 3249 84
5982 5149 732
8071 9210 648
2077 4323 738
7677 818 488
389 6016 780
4576 2275 230
1113 537 297
4614 5902 115
2190 2764 7
9116 8408 914
6340 7961 884
4431 1922 173
8300 4677 59
9312 5362 909
2528 5838 708
7863 3653 263
369 7605 722
6030 3129 16
5417 5391 409
5949 2493 141
246 4831 920
2344 819 911
5902 2304 274
3383 650 189
1611 6799 519
6520 1955 941
6228 2581 351
1803 421 441
6641 5962 314
7222 7423 823
7733 7515 850
2151 7635 967
2934 1475 28
7918 7398 35
6418 816 990
551 7235 181
138 7408 129
1230 1947 641
2566 3669 632
6872 9161 717
4450 9557 435
2337 4007 581
9236 6018 285
1992 2647 721
796 5545 896
5907 3314 644
3349 3760 191
6828 7058 841
5189 2200 119
1825 4770 682
7324 5557 616
2338 5541 63
875 8546 470
1916 2083 653
403 6623 58
156 940 300
1514 2130 530
3352 1332 313
3402 4415 955
481 4984 457
4474 5044 149
1070 387 633
1520 5356 227
1251 1383 65
8237 5856 875
3260 26 488
5838 6778 136
841 3988 741
9482 9174 769
6548 6953 243
1698 1947 796
9860 340 344
5899 2840 987
452 2485 176
8817 704 732
7557 7134 837
3899 4628 246
4604 6545 208
5223 35 946
219 4791 843
2934 7447 534
9134 5178 817
6542 914 905
1397 2737 808
1878 9320 464
7106 7872 45
5719 197 628
745 3064 92
1127 5163 559
3377 4813 580
3612 6088 933
2907 1197 199
7550 8049 409
4394 9052 686
698 1404 184
932 1288 193
4382 6127 402
957 4454 902
5712 7533 600
228 297 528
4118 1035 266
5820 9832 360
549 2997 467
6425 79 534
4079 2815 763
2497 5183 342
5061 9120 574
3904 285 917
3085 1936 451
9021 2151 355
5075 2810 156
2521 3672 397
1723 1567 109
3460 5623 410
6294 4255 524
7426 777 810
2609 8967 507
8025 6705 239
3957 5863 666
8865 5602 35
3028 3039 917
685 5584 178
7576 8109 438
7887 2155 971
8020 8559 202
7570 6516 567
2083 815 905
7490 9031 471
1584 1817 778
6991 6579 231
3257 3308 824
5642 5312 635
2325 9190 736
2882 3632 340
8640 7489 147
7515 9162 876
8842 4837 264
5798 9807 60
5272 3376 124
1029 8683 114
610 8338 889
392 712 249
2959 4555 671
9681 121 804
8889 9988 593
6092 2587 774
3004 404 80
9955 7154 793
8328 3588 795
7176 4777 253
2689 9588 542
2380 565 510
7000 2496 168
6335 4563 21
1406 4929 625
3720 3517 170
5760 3342 851
5245 6558 292
4679 132 121
1332 8116 484
6506 2835 655
4670 9316 705
6999 3929 171
8721 4192 106
7718 9373 666
4075 3762 420
9718 1989 483
8660 6089 527
4359 2310 35
1317 2531 985
8585 8610 205
8226 7356 687
7654 5826 99
1687 2695 91
5828 7071 639
3948 5501 978
9077 5806 867
4018 2371 54
4537 6758 685
8210 205 526
5169 5927 34
6034 123 582
9691 5854 401
5527 2343 213
7348 5271 669
1280 6948 618
9138 9098 861
9345 5723 965
2333 7445 305
9395 5893 693
4815 5228 676
2044 4789 733
5154 9081 860
1772 2252 576
5180 1179 980
9179 7865 453
7213 8411 563
7243 7158 56
5363 6252 148
3709 6193 922
2905 3378 973
8191 6531 714
3723 5948 347
6175 7219 316
6921 4623 240
4375 6957 621
6320 848 197
4697 3564 457
8037 3801 704
1410 7493 158
5304 3734 160
9007 9790 213
768 3047 649
1014 9868 210
8173 8714 573
2300 254 637
77 9121 184
5790 8288 432
8368 6220 14
6635 4569 215
7975 8445 273
6556 6587 696
6773 6560 224
4701 6270 32
5658 323 208
5715 212 127
5473 3398 316
9325 4780 625
2007 5491 173
9135 9978 256
3308 4712 490
3958 7082 337
3101 4805 748
249 4133 725
4694 9749 33
2099 761 532
6179 8164 282
259 7876 282
5852 3041 883
8078 4819 958
4041 553 539
5179 9485 974
8750 5838 459
182 9110 314
6231 8241 959
3350 2429 414
9220 309 496
6224 7969 634
9136 4060 555
7695 9770 510
5380 5836 806
1520 5746 920
6455 7927 302
2163 7199 638
5516 931 70
4330 8198 790
2407 793 696
4528 4718 977
3492 8872 360
8084 6285 813
4105 2306 892
5193 7948 271
8675 6032 490
7426 1710 676
9413 8817 788
9522 9489 668
7662 3434 270
9914 1223 197
9227 4907 344
5073 3984 281
5650 8001 447
9522 4309 533
7159 3142 830
1918 7902 801
9700 4501 314
5013 4241 542
2004 1279 363
9986 1969 637
1289 703 760
4882 6230 934
1863 3132 11
9166 5816 648
12 5636 735
8272 7813 857
136 4392 693
8132 9329 485
1900 7429 722
8441 8609 798
7556 1182 41
4989 6227 797
1501 1592 256
1476 7212 604
2341 5513 715
2959 4308 517
4662 3441 587
3123 8990 19
9686 8 608
6956 6734 396
3210 8139 536
1498 210 935
2667 6853 424
1593 682 404
95 3736 481
6035 7427 222
7637 2107 354
3691 5547 400
1290 2497 922
4557 679 263
6374 6574 790
6048 981 117
1800 1837 794
4250 6183 969
4632 7108 345
6551 5541 778
7069 451 641
2328 6754 156
9710 8922 175
9648 2399 205
3078 7761 795
6404 7542 694
8481 2092 11
894 2680 263
8879 2419 133
9295 776 563
6872 6545 359
4934 8550 304
2517 3036 369
4469 6811 50
5227 1695 663
6763 9687 100
3363 7881 65
307 8334 883
142 6603 331
3262 1896 402
9384 3942 569
8162 7114 267
6377 7933 714
8823 2426 26
3803 6712 90
1155 8302 294
7236 5861 302
8788 9908 586
6286 2436 436
3331 8165 881
7877 8717 999
4497 4293 925
9686 839 242
853 801 807
1448 3228 930
382 3535 219
9296 131 299
4908 559 582
1209 9868 40
6795 1258 893
1774 8577 238
2931 3633 583
6971 1287 828
1337 2903 717
3529 7030 849
52 7562 395
7093 8094 583
8017 4166 405
5918 7139 152
7013 9579 449
3812 7013 926
6399 6553 104
5089 4883 659
2838 4720 261
325 5925 815
3357 5549 874
2467 9199 865
5728 9377 90
9964 5779 650
2972 9779 502
1122 1565 929
6856 9559 370
2727 4114 240
7834 2886 859
1065 8144 20
5145 8123 487
7996 7425 481
2632 6598 735
6074 4019 321
3423 3570 873
8854 1885 194
4185 3985 705
60 3073 719
8542 6998 778
4849 9509 127
4500 21 906
2461 8152 688
1821 5867 62
5210 6574 584
5715 1721 322
1196 7942 262
420 2429 596
5699 3020 952
9320 6334 917
4936 4949 360
4444 2192 415
804 1850 563
2744 6678 127
8376 2358 949
424 9513 688
9984 3162 698
3171 3577 149
1450 5328 383
5276 5157 826
1593 3404 176
6435 5070 95
2599 8507 500
3712 7656 216
7896 3955 54
2616 586 731
8340 8787 956
676 8064 961
7577 5599 298
8607 9752 316
7279 9420 499
7200 4087 340
8540 9681 99
7667 7050 608
6320 3898 222
933 5039 961
4946 2243 85
7620 4995 380
9632 8605 781
4475 5988 563
2153 8936 750
3713 1935 762
8659 5803 962
8244 8235 268
1786 9935 327
8696 6560 541
7322 2136 80
2707 9517 529
1040 8 894
7215 9366 173
2413 3587 64
9338 9537 66
3197 9316 714
9061 8205 769
7446 7541 75
2803 7859 845
4125 5508 150
283 504 573
8931 2421 843
9333 6014 936
9443 2038 929
1000 4653 502
1908 22 404
5735 4513 229
1136 4150 181
8825 5841 456
9921 8868 571
5655 9240 949
9753 5032 480
5354 8311 305
5750 9462 75
9663 7427 904
6996 4609 278
2515 1809 382
5788 8443 833
7362 8642 808
7794 8483 830
661 4942 803
2327 2359 844
3804 1797 44
8049 3247 469
1592 1229 303
7682 5559 534
2195 4062 841
6982 3013 477
2231 2383 564
4796 665 347
2529 249 811
8879 374 471
6384 4088 252
8863 7868 546
2536 7245 109
5982 9694 363
3815 3246 643
9909 8432 499
8079 340 797
220 5521 700
1928 7423 33
9043 6451 867
8534 2777 765
2940 2767 63
226 3231 920
7383 1127 323
3996 8738 29
2441 7724 449
3071 5363 130
379 6615 856
4163 5261 404
1510 7713 714
339 6443 990
4362 6336 258
9125 7839 686
5837 16 401
5909 9053 719
8761 4160 108
7171 9940 167
9825 3615 338
1858 2897 575
1063 4259 331
3033 2532 967
9809 6090 439
9785 884 288
4361 4810 370
8719 4315 548
569 7650 245
1559 8182 290
3861 2368 849
7848 2366 986
7860 6420 201
9943 6804 72
9895 4559 214
2279 7436 514
443 8896 329
902 1740 196
21 8216 727
5560 6225 955
2300 4263 775
2 1346 964
8287 8079 952
2098 7957 232
8934 3544 84
5598 8911 744
6264 9941 534
5978 447 205
7513 9144 450
7383 4910 77
2958 7592 49
2960 5731 738
8971 3447 203
7199 6325 544
5446 1898 602
4528 7749 129
8196 7430 290
8918 967 567
2900 3690 621
5631 5397 492
2804 6856 355
5309 2225 660
2137 5040 999
4963 7951 656
1540 1168 194
270 4598 153
2956 4333 839
4760 7045 115
2394 6756 348
6570 2405 526
3110 8345 724
1327 7789 361
2078 3718 764
7727 2982 788
5105 7626 759
1363 9858 612
6470 3600 549
7467 7339 25
4975 171 187
1037 3882 547
8643 6912 911
2433 8956 127
5582 1443 624
5935 9195 826
7239 682 946
3634 4022 436
9688 671 501
5221 4276 676
31 5534 758
9245 3377 172
4757 3810 770
4315 9039 644
2925 2389 98
3986 1799 410
6364 1596 855
2883 4272 698
5037 2683 692
3786 7497 551
5246 6282 580
4851 6010 282
4917 152 763
4533 8092 709
4753 9870 69
3812 3633 573
5891 8315 876
1222 6729 357
2380 7061 81
5863 5421 18
1079 4307 692
3687 7905 506
5686 8942 909
6527 7612 349
592 271 532
9630 4418 901
21 2281 840
4741 6229 152
4544 155 935
2972 3700 439
4848 7494 271
7864 2284 846
691 204 799
5139 9168 838
1801 6468 226
8265 9935 581
4027 1335 318
9220 1735 491
686 7878 794
829 3315 323
8224 2425 784
7614 5943 442
9703 7212 452
1303 1789 260
1145 832 970
7724 2295 426
7442 6771 716
4865 2178 432
1961 4521 986
5640 8053 900
6103 9093 158
6622 5265 646
5061 1643 563
5086 1705 196
6120 2367 493
7920 99 217
1017 242 775
5152 2940 414
1493 4039 778
4634 3856 177
5416 8762 381
3247 3057 551
8380 6125 378
3494 4938 637
6459 5274 774
1985 71 82
7834 6808 542
5322 2240 903
8779 3821 371
9244 3186 517
3432 7173 642
7433 4446 143
9529 3093 896
5099 1711 687
3329 4741 247
5313 8767 464
6413 2654 481
7331 9078 275
1744 5060 520
5780 7621 739
7694 196 963
644 7456 731
8340 6318 575
4232 2728 144
4946 5745 767
3120 7836 810
750 3602 898
3707 1883 338
8314 1642 43
4640 2769 970
5850 1818 903
30 6391 460
8694 6017 973
1752 106 761
5058 242 631
4344 524 302
3639 1949 865
7842 4111 153
7924 8665 701
160 4221 898
7457 1614 981
5237 7224 387
2185 4201 193
7791 1495 655
7468 3065 293
4848 1034 71
6918 7948 583
7715 1925 627
7636 3226 260
6229 4880 81
8589 8216 910
430 4998 539
661 237 978
1044 6280 247
9133 7486 13
3840 9154 179
8438 9766 365
2202 2179 865
4864 257 314
2274 6481 820
2249 2057 199
3867 4148 317
9079 9817 943
6374 1086 370
3041 3850 837
1646 9878 146
6786 7030 889
6416 9640 555
619 2872 409
3005 1262 51
8541 2381 452
7514 2616 411
789 4963 307
2277 5511 891
9169 2896 831
4869 2919 732
4799 925 134
3075 2116 327
1104 7204 509
5144 3166 805
6325 5601 666
5094 2820 126
6369 1208 659
8277 1208 445
9433 2373 511
5204 755 996
6268 2893 750
177 358 297
3300 678 198
9646 5914 703
6167 8365 903
6401 3331 55
2327 5734 7
5604 9988 142
3817 4734 586
7423 4914 877
9569 3243 921
2173 745 350
83 2696 239
8746 722 154
4599 2421 324
1877 6179 220
8000 1207 61
8322 4715 176
2603 8897 228
5124 4365 814
4060 2434 836
3085 7792 193
5437 4030 765
705 9381 374
8717 7050 325
6289 981 116
8717 5118 289
5847 6260 861
8378 714 304
4969 6493 773
1028 1781 201
4686 6961 237
9017 6796 552
8774 6466 57
5677 6952 806
1497 591 416
1206 976 242
3939 1562 510
12 829 979
4532 5458 351
4075 5658 148
7174 8990 582
1 2161 976
1838 198 468
2329 8275 503
2238 1649 433
8014 4707 758
4514 5698 20
8277 5883 107
4246 3403 73
3818 4452 450
8138 1749 599
1447 9119 122
9043 1989 221
6392 4395 517
8505 1881 957
3369 4528 75
6203 1192 127
6779 8924 18
5014 4734 374
2828 7489 810
416 187 278
9539 9268 501
441 5431 380
9897 3668 407
5479 2182 555
3414 7208 496
8118 8443 63
6659 9312 298
809 4858 752
5925 3591 372
2319 6175 507
1910 8654 272
9262 6446 548
381 5192 723
6971 8753 845
7017 629 751
7269 1925 145
445 5945 444
4745 8146 374
6833 6051 543
7254 4748 213
6991 54 118
6251 6138 692
4197 8553 86
2400 4940 258
6825 8552 185
7326 6291 955
4514 1270 891
2599 1033 731
6419 2484 448
4224 3705 669
3782 98 212
8515 4607 966
9591 2495 893
1152 8767 23
6886 6824 784
7465 6088 980
6975 287 47
2612 9739 822
3315 8221 639
2492 9042 623
6703 1841 347
2698 5880 785
5325 6478 104
7436 5986 366
550 695 145
7098 952 777
2270 5306 393
969 8359 58
1494 4626 78
4956 6631 237
6092 8549 324
1341 4930 278
9896 4017 932
4061 2882 529
6965 1465 215
7139 7081 428
6309 8454 241
2870 8506 835
5602 787 772
2032 4957 931
7115 499 791
2088 8230 780
9123 2643 446
7559 9152 993
2615 3021 444
3653 9355 418
705 9965 0
144 9367 164
1188 6289 348
328 6813 36
8527 2902 357
4196 1663 640
2773 8831 709
3108 7588 477
8878 6269 710
20 6057 902
2414 5630 111
6917 9999 736
9727 1483 574
849 7661 111
34 5485 982
9598 9864 811
73 3126 257
285 544 459
3035 340 170
4640 6900 673
1535 9753 971
1322 636 130
2492 4394 830
2811 4825 676
536 2913 0
6382 5670 94
5049 2420 312
4198 1768 728
8706 6641 63
5075 9947 416
8053 7012 884
3274 1123 73
7819 393 714
2569 1240 240
5796 6406 562
3104 641 456
912 7272 750
3178 4087 268
4977 1365 705
2797 2765 173
3736 9448 556
2449 6337 398
5110 9834 601
7561 3755 788
2950 3211 949
5399 8505 744
6782 9258 934
7516 1563 996
9861 8445 904
2528 7941 97
4476 5255 684
4256 8817 533
1949 4549 651
2102 1778 547
9901 9532 761
3488 1555 622
1236 3644 971
2827 7123 709
4153 9275 129
1663 8675 279
1566 256 203
1324 9280 456
3590 1851 395
1092 3225 340
705 1556 215
7187 655 299
5727 1179 502
6559 9829 327
8122 5823 658
275 4821 541
889 1115 99
6012 1178 258
9182 1492 228
1919 1990 677
234 2064 496
1483 5935 461
2017 5372 3
6268 4809 399
582 3548 884
5487 3421 699
2670 8479 218
2412 872 981
7403 6247 323
6028 6161 907
7485 7027 217
8789 2169 911
458 3596 666
915 9265 418
8152 3112 161
4468 3256 275
2562 4540 73
5402 104 877
7156 5559 178
1509 3660 477
3925 4108 528
189 7760 676
5940 8981 197
8456 867 973
4238 9287 0
442 1183 534
1837 1241 374
784 296 55
6458 9082 128
2209 5129 959
1194 5021 593
8492 9498 467
2239 8579 485
9207 9383 747
9444 957 643
7183 5691 758
8280 143 944
7597 9047 943
1203 2577 114
4522 4520 164
5243 7752 849
9878 4738 383
1359 9999 655
7247 9761 288
2089 8947 935
8270 3131 595
1258 69 987
8712 9610 727
2021 8856 438
4801 7558 169
4245 1777 241
3209 7841 278
4464 6647 372
5488 7519 311
7842 9933 189
7965 380 174
5331 5269 215
5187 1468 278
9293 7562 27
8472 5859 687
9826 7565 827
1311 3704 521
1087 2293 854
8466 6437 800
8179 4977 756
4874 2625 399
268 994 408
6592 461 179
9428 4090 920
7822 5380 300
270 9936 517
1221 8195 644
4078 782 541
3801 9281 636
8813 6794 501
9264 2556 43
485 7501 116
9176 7024 668
7681 7763 336
5679 3203 288
9118 8993 949
9557 565 596
5735 6633 378
8372 2038 160
3835 5397 286
5300 8476 401
2078 433 467
3973 5090 560
3368 2708 1
1606 1502 91
8557 3691 23
9976 7363 363
7501 7231 212
5436 7839 614
6507 9850 1
3281 2938 144
6723 8002 603
4949 6528 810
8124 1153 19
6647 7309 801
53 9802 472
2885 3958 653
9422 6178 811
5374 5033 462
3552 599 925
9489 4430 856
9042 4738 681
216 9113 129
7770 9854 235
1181 8901 963
1679 6845 672
6463 8454 699
3009 7320 362
6128 3710 299
7463 9722 511
3155 6034 239
8629 6158 868
6298 1311 927
3811 5682 618
9846 6490 495
468 9926 454
4049 4357 513
8989 9187 553
9582 3088 550
1243 9632 893
7803 6557 538
8371 9 653
7515 6779 393
3159 9103 251
655 4835 437
2667 3541 828
2727 8703 280
5544 8672 62
8207 5947 887
6153 93 637
3681 4519 248
7543 6618 245
8325 2491 221
7160 6325 919
862 8738 622
5719 819 845
1421 7808 409
4452 1215 901
6884 9865 38
1557 6415 528
8275 2501 457
2451 9652 165
8848 6391 74
8156 4846 975
3554 4979 410
5449 1486 855
8623 2612 691
4213 8088 923
5596 6610 443
8931 2099 246
3736 1402 158
2670 557 747
362 264 576
1766 1351 392
8378 7037 843
1647 1332 629
8669 4294 828
9329 8645 540
3455 8700 524
5337 1161 375
9488 3883 644
4192 102 623
9689 6255 875
6187 30 282
8128 9997 902
6174 3191 388
3414 5774 604
2499 4190 170
8140 2346 816
6836 5839 825
5587 8624 527
6986 1800 474
3918 2675 753
4831 4337 760
2853 2455 574
9096 7923 252
8294 3661 408
3846 40 78
6056 7782 956
2319 6963 607
302 6153 880
78 1915 951
3736 3664 153
7697 5755 716
5822 8750 215
6556 884 133
2443 2388 20
5256 7947 600
9500 1050 146
9430 3631 101
8954 1888 27
861 44 453
7996 8673 753
1898 9108 232
491 8558 415
9909 6662 601
8128 8668 857
4584 1233 822
5512 5736 205
925 8579 4
3035 1014 114
8480 339 195
6565 7717 749
7004 4936 958
5497 1735 687
7365 5221 122
5060 2556 459
1058 40 170
5919 2671 620
1439 3323 955
3666 8743 757
2799 6633 373
5855 2105 141
9028 4576 657
859 2768 778
2888 6312 338
9819 8812 322
9419 1846 56
7058 5476 841
6937 3575 474
5465 8480 581
6088 6085 263
9642 7085 204
5324 2209 765
6940 4645 363
8578 3889 904
9144 4155 309
4111 5641 296
4544 6844 516
2205 865 358
3700 5597 648
9070 1863 686
6220 9879 735
3028 9646 557
9472 4466 782
243 4678 137
7590 716 659
4998 2213 925
5881 7098 350
9521 1185 202
2563 2378 953
1554 195 885
8649 9228 427
3129 9816 745
8608 7774 639
3846 2943 258
4931 9600 785
1696 8373 761
2715 3672 711
1990 3376 609
4562 9433 853
8041 4266 380
6784 9910 643
3064 2581 362
5112 6200 38
542 187 249
4525 2831 714
3522 8548 766
5220 8802 812
8697 5660 114
2341 2038 127
4271 7089 242
907 2050 821
5548 954 455
1690 9785 847
9803 3266 550
9365 4570 823
8983 317 206
6395 5781 768
1193 8588 982
1110 6590 174
2429 3349 838
2789 7037 381
884 1449 61
9134 1516 148
737 7107 688
6166 506 554
7727 8009 209
2564 6908 455
2784 5860 950
2144 9557 222
1043 6231 524
9027 632 954
9330 9562 24
7991 1083 333
5168 8639 82
3132 9629 793
2738 6845 420
2502 1940 549
2611 8568 410
9949 1865 671
6812 932 984
8556 1077 60
971 498 153
7701 8036 350
9296 3768 859
2663 3961 647
2655 4930 652
5842 297 620
7985 8902 367
4056 4089 736
4743 9155 492
7870 1158 911
5930 3733 227
138 4241 406
2132 1864 189
8248 9284 778
5199 5507 333
3779 3536 399
2429 7104 876
8640 7992 114
2803 9100 886
8907 6098 623
3338 7695 886
1995 8641 736
5992 970 238
1545 8122 242
4908 335 515
9481 5497 155
4766 7355 128
1113 2789 412
4888 3187 671
1237 5406 511
2326 1950 542
5185 6 23
3986 9039 683
3403 709 186
9324 4832 412
1145 3855 621
2379 8672 87
4924 7782 93
2270 2342 863
7744 4391 79
205 8798 4
6468 8060 145
2670 5232 828
6720 1533 470
2563 2249 790
531 2851 515
3059 5795 923
1837 7059 793
2085 7072 189
4762 2494 692
5500 2668 333
1234 4561 933
4128 2596 713
3653 5901 767
2139 4078 885
7152 68 989
2860 6448 92
1949 1454 62
5431 8923 203
9445 7666 429
5335 595 45
6524 1809 858
911 9522 506
7591 4593 618
3861 8574 173
1251 1081 800
3656 6444 666
6329 1407 959
8950 6830 811
9533 2284 989
9071 9250 586
1436 1005 107
8041 2016 96
9040 2757 111
4036 7368 223
988 473 338
726 6848 500
4748 1089 780
6639 343 860
2297 3952 695
465 7238 751
873 4125 53
7999 9739 790
7974 5984 830
5125 7123 233
7407 5771 823
1189 2465 302
6053 1465 521
6912 9751 614
6809 8191 725
1127 8202 697
1263 5591 130
1231 1252 271
9589 1467 205
632 4973 831
4522 1845 200
7588 5238 955
5531 1723 44
7003 1602 779
3727 2845 872
7533 9461 729
4587 724 372
9956 138 130
9166 9006 456
1869 8136 548
7425 7240 615
3934 7876 276
9084 2639 955
1693 5561 708
2074 4046 205
6350 1941 611
1414 3480 168
2314 6452 180
3845 2814 358
9074 5495 592
1016 3784 521
4080 8395 910
5645 6431 866
6551 8528 801
6953 7806 836
6614 8244 16
8804 8853 619
2476 9198 759
1197 4646 845
6457 6486 296
5500 9518 502
1627 8251 976
5615 8616 518
1275 3580 866
5922 3425 167
6821 3647 608
8732 5562 811
5949 6166 107
915 1053 592
9530 6960 984
283 386 280
4181 9784 912
918 4163 816
7191 3209 35
2066 305 634
1831 2311 213
9239 7007 261
4893 6593 329
5700 5508 390
799 4245 157
2331 7278 205
6485 5174 271
9291 3739 788
9231 6983 680
3070 2615 328
6370 9753 841
6883 782 707
9998 1665 551
4606 4168 450
3984 5836 688
1213 130 942
3660 9827 742
4351 4811 138
465 4386 24
3874 163 287
9042 2920 638
7668 3837 450
2243 9526 495
1888 5656 809
9281 2866 653
8331 2846 882
1350 6881 268
3493 2061 291
2493 1817 625
4804 7358 430
2894 5179 357
7248 7236 729
4850 7999 97
8694 9001 191
2900 7413 938
988 1571 816
8161 6017 488
6529 4123 990
1923 2410 59
5481 3373 191
9931 699 449
9511 8179 250
2333 3800 184
2139 7683 32
4938 4857 818
8439 5639 629
7921 1314 357
2314 1796 307
7792 1223 760
7462 9342 600
7909 6970 983
9614 4851 788
9916 4554 237
6252 8817 489
1365 3235 98
6245 5353 525
2213 396 277
5692 9857 287
4422 4632 833
1840 4774 297
2840 3708 824
2536 4717 869
5024 1156 836
3017 8392 189
6674 1691 669
2372 6956 296
2652 9894 240
3968 5771 678
919 8603 895
8488 9982 778
5126 7089 351
3642 8321 565
4392 479 584
6786 9689 123
72 6231 674
3849 6260 101
1934 7054 908
8432 7566 713
4306 1264 659
6554 4913 323
1808 2064 204
6205 7018 525
7174 3791 749
867 3710 453
6078 6457 864
4075 7325 142
5765 2822 550
6108 7861 895
3683 8278 63
1814 2390 583
3012 9435 471
9723 3344 279
3117 6264 698
2537 6515 626
4060 68 395
5584 2084 220
2681 7011 616
9598 8539 55
488 7320 450
8039 763 503
9984 9530 246
8181 3063 571
9345 8797 386
5797 2449 964
3972 4858 6
6204 1406 709
1903 5435 797
3310 1506 891
2488 3089 951
6281 852 876
1366 3595 981
2469 1858 469
9538 5152 873
688 3677 464
4499 5323 57
4912 7379 689
687 180 655
7983 273 124
4217 9011 248
9547 9087 486
1952 8650 678
9247 3272 758
2325 3014 676
3076 4 994
3451 2726 689
3419 2934 18
3852 7248 7
496 215 788
784 5871 516
4299 2307 726
4429 7961 252
1333 7932 381
4363 9993 702
4241 9202 956
2098 5281 635
3529 4724 220
4718 354 667
9185 5375 283
8883 6168 668
79 9874 4
5133 2307 671
3817 9581 49
8931 7339 4
8352 7053 71
983 2082 112
9123 3022 606
4157 4801 760
4900 1388 796
2700 1440 526
1701 2246 925
8733 4356 226
82 3152 970
725 8710 648
7717 7058 730
6950 6788 63
1539 3778 165
1306 3261 262
6541 5876 967
8299 2042 76
6430 1040 300
1792 570 402
3222 2186 66
6814 2843 928
1517 6573 157
1650 2951 649
6422 868 648
3545 5115 262
7226 9979 782
929 798 402
8123 2108 248
2411 2327 772
5152 9327 754
297 9524 641
7033 4194 833
4654 1233 273
2986 8761 937
5227 3201 562
4499 1210 360
8744 7066 901
741 4786 974
1577 3260 102
5500 6872 938
8057 9323 241
3732 585 306
4475 8250 756
8802 7143 665
6574 5971 981
4291 4570 613
2765 6404 644
1821 8886 862
9723 3300 570
552 2519 115
8748 9519 849
9831 1555 664
9094 6992 503
7405 8246 283
8749 9638 773
814 8215 533
8380 3225 974
6312 6353 694
2221 5910 905
1551 1516 291
2266 577 282
3603 6683 563
4655 8515 862
8914 9600 376
4092 8050 748
7332 4492 618
3047 4860 489
3282 2440 840
3169 425 435
4271 9810 152
4414 746 389
3357 6674 267
553 1965 57
4235 5166 127
6212 2229 353
283 5836 883
1027 3652 364
780 6428 564
6093 973 395
140 6736 705
2419 5967 944
752 3632 244
4995 1217 630
1613 3922 968
5034 4775 252
5734 1597 836
2843 4192 339
347 982 38
6830 5581 87
1423 6390 853
9683 9608 616
3698 709 599
6072 2896 705
5344 2606 231
1754 325 136
8368 8184 279
1867 5874 303
9511 2282 535
4748 4295 631
5448 1689 569
9503 7554 659
3799 240 58
5167 8194 480
8966 3018 888
3861 4648 286
411 5422 521
1277 2869 521
8999 7900 904
7596 7893 783
1048 6551 361
6874 2580 113
6224 5900 501
2873 1968 665
102 324 391
3340 8069 95
682 7016 704
1213 5201 347
5393 192 254
9663 97 883
8789 9745 428
696 9533 396
6861 403 93
4506 4224 571
3259 7754 708
5961 7648 166
4667 8160 318
933 2753 214
255 8413 699
4619 7739 890
4895 4235 208
3941 9402 551
8454 7170 251
5287 4163 700
1550 291 758
8314 696 630
1228 953 785
1711 8679 169
9841 8586 506
6032 2081 900
6308 8065 667
2474 2481 267
7683 2912 359
9276 7712 316
5539 3566 383
1356 6028 179
526 6250 234
8885 7386 508
1399 3471 660
1810 1992 981
2741 8377 314
8292 5323 111
1767 374 210
5455 3783 11
7603 6915 61
9894 9296 924
8055 4003 500
6074 9734 217
3433 5706 705
5047 2065 468
8932 3541 783
5071 2909 671
1412 9123 879
3028 1154 505
8343 5077 420
7635 664 475
7926 2345 140
8232 3591 867
1346 4504 429
1263 9773 590
4313 5023 831
3560 5820 243
529 3503 736
9260 5723 233
101 2302 39
4519 7155 41
9418 9766 321
1690 4575 341
944 4708 934
6082 9789 775
8266 54 376
5405 1088 123
7597 3715 380
1556 5804 911
258 5196 900
838 2288 813
5642 5849 538
5121 2296 588
79 5318 561
1353 8353 229
8350 8175 508
7820 8929 404
6181 4728 494
4529 3730 64
392 1878 115
1831 7980 810
3125 4380 633
6471 5900 31
2997 9637 446
7000 3468 344
9984 4221 968
8047 2875 591
6075 5596 267
3625 2230 802
6248 8070 994
28 550 939
8839 6022 323
6439 6679 843
2204 5259 592
7827 4749 802
5569 9097 771
4019 8574 222
8683 2310 556
754 7314 931
2111 8479 720
358 5191 371
720 6604 486
4434 5523 746
659 3169 656
696 8942 84
5257 8532 123
8431 8136 666
3547 7316 860
578 5951 827
2680 9869 442
935 1620 203
9640 9175 232
9637 2989 650
1623 4123 200
8409 7130 335
543 994 900
366 4330 188
5737 9870 184
3211 2821 644
9187 5495 514
5344 978 5
332 4307 776
2035 8930 125
7938 3640 684
7724 3199 132
6513 9814 565
9820 2672 851
9367 5270 792
4473 6574 142
5633 721 137
4652 6943 973
5165 302 707
4552 5120 948
397 5683 118
1151 9600 244
4364 4686 355
5305 2887 824
2644 2600 434
7131 753 802
5003 6284 405
1114 5857 246
3002 7362 302
5915 5950 799
6676 9271 643
2616 4557 619
2391 1302 930
7691 3124 333
3029 7416 297
3978 3084 33
6506 4415 378
6227 9826 594
4715 5302 51
8205 3074 898
3619 4492 871
4386 269 607
8864 690 667
9571 1281 758
1782 165 515
3895 9839 95
1405 5363 1
7114 5280 973
6830 759 330
6818 2657 565
871 3940 92
6345 5785 88
3968 722 407
4912 8671 757
1508 1262 614
9898 8489 458
4530 7708 858
1833 6760 763
8869 6826 471
1274 9655 518
7688 7655 580
7697 5825 651
1021 9801 832
7914 3666 49
9279 6237 443
3771 7059 843
6528 5202 252
7178 1426 47
3708 9103 119
2780 9769 142
8574 201 959
1806 3985 212
2921 6173 699
5358 3661 356
8714 549 528
2282 5071 141
2501 2085 500
6619 8827 224
288 5349 948
5745 2957 559
9577 8979 919
6632 614 448
9987 9429 838
418 5136 374
3780 4314 271
5361 7086 194
1793 9638 630
5865 9159 62
4409 7062 413
7433 4875 13
4725 4441 315
2513 6083 562
2265 5391 478
5418 9456 684
4208 4291 93
9401 9730 332
5339 5504 147
7182 4359 737
1639 4412 260
9210 9702 435
6615 5633 622
1021 5922 805
3922 1670 546
2509 139 95
5705 8612 800
541 6779 893
6611 9152 785
2781 2292 457
8212 6824 765
9669 4013 715
2782 2995 884
5561 5042 892
6756 6536 342
8385 5444 990
4433 2936 735
2181 7416 177
5237 5072 577
314 3466 122
8048 9285 363
7626 2650 78
7965 1078 366
3746 5832 836
7686 838 949
202 2441 430
2115 2888 945
164 9854 75
693 8909 718
8235 1558 895
6262 5372 111
7354 7159 176
9722 520 365
4381 3269 233
6376 3582 847
7192 506 52
1278 7852 605
6450 108 928
8318 2763 136
4808 3649 147
8505 2704 570
1261 2084 293
7818 341 778
6871 7710 388
3026 7687 370
7841 2436 68
3373 3114 215
2263 7601 847
5314 9870 627
4076 8194 27
3395 7 940
9009 1705 716
4652 5988 256
5962 5297 78
246 8180 921
776 9525 981
4838 3818 317
7226 4883 40
8624 5389 165
8447 4488 95
3158 6502 757
6437 4518 58
5606 8057 421
2855 6319 55
4773 6286 487
1499 4885 44
2636 2049 677
987 3885 524
4712 2577 439
8192 4480 837
2552 487 331
6763 9918 886
8283 9484 605
5266 9410 778
5089 9903 408
1944 7910 337
4693 6954 58
6560 4097 159
8962 6131 792
4486 4700 49
4613 7554 310
3519 8651 251
8864 1272 880
4139 8893 951
4031 3029 890
3416 9053 714
5993 8836 639
2837 6591 914
104 3070 48
7117 1051 46
7109 2590 588
9166 9138 153
4301 3184 282
5780 9952 148
4159 6884 549
9314 7377 398
55 3277 797
387 4513 897
6066 3833 476
8369 3849 518
9964 213 672
7937 983 630
7762 9098 336
4813 6974 60
4481 8015 261
4677 1643 384
26 9859 14
346 5750 999
2253 8942 363
8280 3028 893
4614 3696 849
19 9285 334
123 8555 462
4120 128 835
4357 4935 586
7378 5743 337
5216 2857 608
755 2542 604
7570 3816 546
8584 3575 360
1109 8524 294
7765 3019 640
5810 1631 285
9876 6644 607
3676 7296 299
6664 5498 123
3871 7012 305
3158 8870 298
2397 6417 195
1609 2442 259
1094 3843 519
7109 7523 594
43 2409 79
52 7731 582
2834 4007 376
9435 7364 947
4198 2549 201
2773 9373 491
9807 2039 261
8161 8146 705
139 177 634
305 8113 213
8426 6422 310
6367 2853 740
3800 8520 679
2055 5795 311
3041 1256 100
6057 5428 358
704 1471 615
7841 5680 329
6937 3913 918
3377 8357 181
4655 5440 899
2376 5037 646
1469 6630 814
4403 7335 714
2631 6892 684
6661 3523 899
1163 7472 473
1487 9111 14
3944 1700 633
3921 6647 855
7035 4207 750
1391 4395 439
3468 9247 177
896 97 408
3088 7259 68
3419 6609 727
2360 4120 296
594 9845 630
4620 448 237
6264 1673 541
5004 4609 314
8360 6430 438
7897 1734 596
27 5475 454
896 3253 810
5855 6754 7
4520 3095 35
4879 402 460
8334 5283 758
7744 1561 811
2703 5412 965
6611 1065 807
8774 188 934
9029 8510 886
3722 4821 832
4517 5967 604
4349 2815 383
1937 4957 458
4402 5986 510
8352 5084 243
2996 1800 724
8769 7910 907
8863 5829 208
7348 503 5
2935 1724 261
7890 6706 284
8663 2585 388
2706 1984 511
4545 246 41
154 7580 7
6206 9086 860
1920 1256 544
860 7436 159
3276 9466 746
3225 1705 419
4339 468 995
7952 3325 231
9255 5437 935
2820 1014 813
1669 2987 429
464 5838 260
2781 373 854
7032 7329 319
3786 2007 475
7940 691 807
9345 1416 756
7591 8295 599
2772 9062 434
9702 6647 807
1762 6106 931
6578 5061 684
9162 3586 384
3808 5889 381
8380 4876 399
5738 9405 244
7883 217 310
9379 9286 46
338 5634 145
4207 47 52
5179 4876 238
2127 8280 618
1100 3100 41
7457 9494 277
2189 3880 479
5127 4186 172
7146 3033 327
2906 796 370
9143 4916 817
9708 6066 23
7013 849 468
4816 4029 79
7274 4017 293
9305 1245 465
5330 7977 513
878 8752 94
4214 8994 411
9137 3244 248
7806 5496 923
1124 8110 451
4431 8217 624
2200 1474 844
2810 6246 523
4207 1700 163
7644 6807 8
8221 7257 588
7643 726 975
4883 9206 288
426 8508 296
8163 6026 730
5500 459 293
7585 3224 63
4237 5512 540
6493 2010 218
5804 9255 856
1999 5267 417
1491 7389 335
7265 516 935
7798 905 509
4350 5576 700
2763 1135 809
4335 138 497
2355 5587 469
4223 2183 77
3330 203 550
974 7199 594
8872 418 635
7842 9373 79
5393 4252 470
9978 1485 192
2190 2570 471
4522 277 312
3172 6513 384
7153 5519 179
8062 8962 869
2303 6364 396
2774 6900 200
6346 4814 957
9710 8129 692
8175 8312 464
1446 115 346
3716 3700 610
399 2564 230
6525 9256 711
3715 8034 11
6578 6595 550
5082 542 49
385 2279 324
714 6898 151
1381 4094 831
941 9395 925
7434 8955 193
5449 2582 676
2818 3546 327
8265 615 688
7783 582 135
5877 6015 846
8350 9531 58
8154 3252 476
148 4202 310
9095 3757 198
5193 4402 523
3139 9778 774
775 2682 185
3407 8514 373
9070 4635 469
6575 106 808
356 588 428
7992 8250 844
9920 9102 373
9388 8585 50
6066 6782 609
8117 5835 295
9356 5714 498
9381 2958 932
9291 7826 283
3164 2172 230
6772 8482 882
6838 2637 166
5288 585 975
9691 9368 126
9153 4379 342
2859 5984 149
1304 4028 408
3190 245 557
551 1031 30
2978 3496 803
8302 3195 21
7634 1964 283
5875 6787 894
9810 9542 369
6054 4519 871
876 9519 15
8478 2105 639
2725 2355 343
7416 6691 746
202 4104 98
1578 595 903
8945 8079 891
4606 7372 215
6489 4368 605
380 4728 572
4615 2516 409
1166 2790 531
8081 4145 632
3056 9074 951
1664 6024 632
7901 3013 624
6868 9091 97
5523 7312 335
7203 3641 907
4513 7683 411
1277 8536 684
3688 3196 749
7456 2423 158
3749 8817 547
2659 1795 252
2476 350 205
7757 2197 235
7836 6006 866
1084 6772 203
1700 4798 373
389 3442 151
5969 2118 487
1967 1206 813
4130 5619 721
4621 3662 936
1568 7838 233
8135 9809 509
2159 3248 227
3598 9722 499
174 6910 444
9724 2528 936
1859 1124 926
3482 5416 420
2157 2727 32
5051 5062 642
898 7161 971
6398 9096 965
2871 540 87
643 6821 313
957 1769 4
6226 6637 995
2046 7610 371
876 6525 251
858 2456 186
3232 8294 404
3927 9653 13
3259 8683 835
6472 2455 507
594 6768 755
2666 4845 919
6585 4878 498
1274 8237 235
8785 8428 863
6772 8206 227
169 3475 163
3846 8596 935
9515 8718 982
339 8537 165
561 644 936
2968 749 24
8123 5841 15
5615 62 194
4593 8253 9
7493 9107 137
7971 6734 264
5874 3838 196
9559 5265 922
1724 1710 738
9190 9287 256
2322 6622 472
7316 1107 710
5227 2891 91
597 7170 228
2300 976 498
923 2296 161
9584 2755 29
3708 416 61
1290 7764 58
8790 9377 438
3209 9760 859
4629 2620 224
2972 3674 975
567 4616 981
5133 3627 454
6827 9011 195
8204 207 182
6006 8216 379
2356 4008 632
5217 62 92
4165 6510 806
1977 7453 154
9921 2619 953
8683 1143 551
8686 8165 310
2566 9091 199
7297 3025 724
5147 8215 739
8471 6067 614
4075 5052 926
4434 9265 481
6346 4899 38
4225 8625 531
4098 7098 499
5861 9660 539
3784 8104 813
8205 2034 377
504 436 674
1488 8269 224
8593 8999 374
6713 6130 257
8844 3085 759
8211 7757 38
1549 3330 184
5849 8766 243
2437 6096 222
9672 1036 266
8248 1339 422
5113 7525 672
8857 3688 10
6076 653 34
5385 1674 50
5305 2157 834
7831 2101 246
4176 3698 982
8361 9206 125
1701 51 717
4458 6554 244
8197 2170 875
4061 1164 902
1726 3193 102
2778 4925 366
7789 4651 389
4484 598 685
8987 7766 711
8120 742 776
9133 6392 564
6619 829 669
8948 7246 582
6762 1054 979
4388 8338 49
5546 4220 367
3414 1066 963
5468 5208 534
5778 5327 603
2110 2843 960
6155 9011 562
2443 221 584
3967 869 637
5985 5112 526
4669 9484 481
278 2841 126
9754 7203 168
9910 5277 964
4505 9735 213
6308 5413 357
5817 4356 32
3295 8863 571
3277 9255 370
3219 268 357
8442 8131 543
8859 8540 192
4494 753 687
498 9289 81
4995 7774 40
9037 6822 705
1796 3172 422
3528 8390 618
777 8725 139
79 8183 846
4215 9856 552
656 5520 150
3189 1597 962
5018 3828 613
4744 1595 839
9324 6641 829
1973 1949 841
2312 5638 32
9242 5013 781
7716 2081 365
8082 1638 726
7967 8227 926
7801 2558 403
4364 7750 763
54 2058 150
9089 2492 390
4978 5939 845
315 2912 800
6280 5637 793
3646 4424 652
9789 5646 427
60 761 37
3259 1805 486
6889 1573 319
4960 8782 709
1406 3049 664
66 4207 778
4605 5601 608
5255 2187 636
4114 5651 238
1360 3073 485
7711 336 3
2332 588 702
5846 5472 651
4968 6125 261
1339 731 640
5932 9214 789
1835 6195 999
6733 5043 783
4535 6009 588
8909 8872 24
6078 523 940
7166 5546 344
6558 9068 507
6157 430 905
8036 8090 280
3613 2728 408
8053 8308 752
1314 2813 131
3144 2304 649
8373 5010 720
7651 7908 592
6168 1421 991
4344 8437 819
1115 6220 941
8725 9674 296
9646 5110 673
7750 4157 281
6379 4803 290
8977 8667 511
9589 4580 569
4279 1923 626
1211 6923 597
8352 262 592
2768 8430 303
7165 1036 632
4614 1169 33
2234 389 574
5700 173 868
3080 3703 360
5667 8685 307
8577 1038 289
8176 5313 419
1077 3772 510
2369 505 392
7419 9049 427
4352 8678 336
6748 8664 964
2458 1693 935
1263 490 176
7802 8967 300
5365 9294 785
6094 1206 555
6344 743 911
8239 2201 267
6560 2416 738
5350 8770 452
166 8341 578
5569 5369 110
3613 6761 602
2568 720 622
340 2643 507
7244 1802 106
5297 6837 924
216 797 531
3257 8197 805
2339 3210 410
8110 4798 729
6854 4192 983
920 9971 906
5335 5974 436
5599 9020 840
5532 3665 183
3899 6719 301
2680 4134 540
788 9563 836
2392 2530 455
3898 8233 165
7250 1787 838
834 2388 596
1364 9698 691
844 5440 232
3726 7092 545
2921 8846 114
7221 6979 114
9182 9127 804
3740 2252 706
471 1027 460
74 342 96
5170 2974 213
2501 2568 666
2680 3907 321
5009 1087 428
9921 667 675
1204 8665 88
8758 4494 149
4241 7613 229
768 8189 916
6660 8654 855
5280 2502 326
9208 1420 612
5317 2741 21
6707 3053 808
927 5091 239
560 5398 244
3048 4469 532
7221 2868 5
4981 3356 544
2114 7997 853
8587 6143 723
1720 3567 516
7839 5765 743
7126 7188 755
6748 9972 12
5612 9866 725
7416 612 603
3524 6546 972
3368 8984 167
2578 2577 629
3329 7074 198
3679 8661 352
7083 457 816
8559 4708 95
6392 8932 824
3743 1399 84
1144 736 391
9310 2605 403
368 268 378
4774 6344 308
4238 2652 323
1896 3464 243
8399 5091 883
4018 459 75
1933 6357 30
6569 4011 962
0 7965 82
7546 3389 461
9029 4288 207
7428 8266 762
1182 1436 16
1229 1578 572
79 5053 9
8300 8521 577
1208 8186 697
2657 5144 272
6193 2073 421
1497 1573 953
6764 3280 774
5746 9165 882
2096 6938 246
8450 3324 65
3392 732 682
9887 6552 260
127 450 115
637 3528 434
2868 2357 430
9796 6359 563
8539 2842 13
7729 6642 801
2070 8505 528
5952 7070 737
7849 4990 110
4935 5383 300
5570 1836 740
4685 6754 721
6336 8285 60
839 1639 367
9885 5230 344
9506 5186 675
6598 8880 690
6042 8729 93
381 9162 625
926 561 84
4684 9729 301
560 4139 875
201 9072 10
2543 4114 824
8729 3950 804
7424 500 56
3337 1416 349
2786 5556 572
7128 1910 605
7758 2131 714
6995 3593 609
7820 3070 401
9710 2857 11
9004 281 946
8544 7915 195
7754 7249 321
3446 6750 969
3864 1608 367
5083 2663 310
854 4098 613
2897 9442 348
7764 1466 690
2964 4409 489
6286 7924 650
6130 8157 246
9939 4680 66
5816 6293 278
1137 330 181
9744 7118 4
7008 1251 979
4416 3393 191
6131 5805 207
2753 5060 9
829 7518 643
8307 6250 798
3948 7649 466
4559 3570 487
5578 2427 388
8881 7229 463
4401 1384 83
4141 3232 925
8948 2842 599
4448 4208 657
7578 7221 525
7746 3838 429
9053 6513 361
4619 6596 309
5481 7376 292
4336 3680 185
4361 8607 659
3902 587 753
2526 9498 676
7249 2035 316
6320 4347 249
1776 8706 615
3717 7486 525
715 7368 522
7382 6362 777
5130 7108 899
7129 8568 833
3638 8955 311
7130 610 973
1421 7023 808
3879 2788 968
7625 5364 753
1567 8224 1
4755 521 777
7234 1772 270
9193 3591 253
5548 2601 897
94 336 884
3423 4825 440
3413 1679 61
1014 2317 107
904 5504 515
8595 7593 314
4114 6038 160
5255 4352 477
5757 5013 583
9793 7559 473
2572 8917 97
954 8477 368
8461 475 155
2585 3245 500
9912 2546 199
6241 3067 797
4327 4416 336
3094 4017 1
2025 3179 970
1243 5981 910
6929 527 552
6340 3626 343
799 2675 542
3779 4250 202
6199 7619 778
5389 3130 458
7371 8544 152
7310 2673 762
8430 7195 976
101 4831 758
218 2063 186
7737 1970 283
7764 4582 828
5369 9919 470
3508 8016 908
6947 539 327
8523 4564 129
220 2763 726
7105 3303 13
1758 4640 780
6669 9746 135
1836 546 698
5652 7449 97
9361 5832 639
2739 4752 768
5240 4209 276
9311 1317 445
9911 1342 19
9686 1535 358
8176 8561 597
5783 1111 863
9654 2456 268
2042 7480 629
6844 538 645
7542 7140 444
5144 2383 987
9549 7170 709
4714 4139 379
9503 3946 680
7766 2752 904
3471 9844 908
6728 2220 427
6840 1507 254
1520 714 663
3360 1750 927
2902 2602 901
1735 8514 209
4873 269 295
126 2239 204
2723 4367 504
6877 8882 400
3741 7841 210
2995 6829 198
8519 3960 428
7958 9390 112
8745 5058 841
9673 958 27
2739 6111 880
9463 2683 234
9042 2143 937
6943 5005 315
2279 8449 984
458 344 48
3077 1545 396
594 9947 741
2886 9965 404
866 4882 421
4802 3430 773
4151 4996 729
209 6654 533
4338 8865 38
675 1891 848
7567 6355 175
962 7915 382
3174 5641 791
486 5930 593
8578 9027 668
9578 7429 673
4807 4521 388
6739 1226 994
7742 7808 992
6374 6168 783
4490 8640 535
2745 6649 75
9235 5191 260
1920 1499 600
3848 2345 505
5585 5391 409
7519 6160 708
6267 5347 111
8229 491 91
1603 1029 647
9444 8498 813
6499 6772 21
5070 1905 414
5320 8285 353
3822 5983 463
5065 7904 861
9754 3455 215
2770 4529 299
7335 9162 589
2743 6052 290
4854 3472 861
833 8506 808
654 7952 991
7093 9000 628
1831 3338 146
424 349 885
272 9879 622
6416 7964 663
3842 7783 963
9807 356 484
9311 1535 677
2133 6953 460
5089 1242 327
6084 662 392
7062 2605 161
6840 6024 35
1983 5619 425
787 952 152
7775 170 267
9950 9962 23
5305 2320 562
6179 464 888
5014 7430 857
852 558 733
2085 2518 602
511 3436 809
4756 6048 96
216 2661 191
5450 5023 51
1922 762 361
8705 4147 321
4054 9886 284
9880 8589 264
2130 4583 684
9200 8596 211
8318 7011 977
7926 1145 658
9020 7683 950
8107 6012 979
7551 6662 367
3895 7920 436
7713 3795 892
6136 2450 940
9905 4805 459
9874 9407 711
43 6491 723
2688 1164 241
4418 5164 300
6113 1710 458
1771 6365 78
590 9747 214
3487 7859 487
8653 6405 943
9534 3872 371
8975 6060 645
9527 1156 17
2304 857 410
8876 6816 595
940 4064 507
1148 4215 342
4649 9199 387
72 4086 773
5124 1017 607
7935 6921 655
9395 20 584
8909 1068 759
2421 6759 813
4870 9490 665
2727 2535 196
6838 9703 673
8441 1037 810
6240 1510 433
5 1174 104
3472 3995 102
8340 3732 115
2594 3288 862
8612 5327 44
173 3555 174
5804 9830 232
793 3276 211
2312 5516 596
7043 8609 610
7476 7523 729
5236 764 151
5747 7392 354
8641 1043 267
137 4431 549
8669 3510 926
1201 5122 762
3795 204 297
4248 1899 997
326 167 893
9601 168 318
3847 2327 197
5905 2015 410
4580 5882 882
6221 1543 891
9023 8818 921
30 4916 817
6219 4087 526
3951 1359 948
6078 6528 850
3414 7609 9
26 2288 178
5444 8475 848
7671 6151 153
4669 6541 657
9017 6822 399
8814 5888 158
9102 2587 568
1547 6553 516
1907 3032 600
4207 5613 982
355 2965 19
2879 9746 125
442 3856 478
9419 9545 355
2148 6650 587
8558 2080 147
3634 6491 158
707 7181 253
170 3966 823
491 2762 403
6834 4627 447
2436 5410 312
5981 4319 162
4077 2136 488
346 7162 748
5251 8841 337
4804 914 777
820 8392 327
8260 2541 550
4529 6718 625
1150 636 76
2364 6311 933
3594 9285 750
304 3973 69
2604 2807 658
2932 6031 829
7065 9628 55
1885 4207 613
5963 3908 2
2959 8496 26
6262 5937 607
8399 2347 540
7982 5458 848
423 4178 671
3539 5789 581
3451 4173 568
7705 814 571
6680 3118 934
2891 3091 249
2483 8686 459
4648 877 499
6711 2727 516
9783 9932 974
1610 8110 809
6320 5826 264
9724 4692 757
7230 9217 219
6166 9973 295
3556 8002 206
9401 1082 968
9149 258 774
485 5976 486
6374 1916 61
2620 6459 232
1835 3728 920
4647 9802 711
1799 8322 2
5362 1191 489
1845 2386 878
8974 1963 985
4912 4154 143
8174 4130 525
7432 4383 551
8078 8719 925
2804 4424 290
2466 2808 58
6197 4275 444
9374 2512 972
7382 1302 950
2123 7077 848
8455 6539 408
253 2146 812
1266 1881 829
6877 9147 411
7978 8975 99
2160 5102 875
6850 4847 651
1729 6377 102
1511 1653 732
3098 7960 994
5999 621 944
4185 7993 659
5966 9950 102
8465 1537 938
9841 9477 348
9523 5992 986
7384 7974 381
7405 4948 190
7155 7639 612
7162 687 422
500 3300 49
9252 3799 981
9264 5412 200
9964 6062 935
6443 8801 152
814 4024 529
9770 656 487
4747 859 1
1372 9108 794
6110 7637 215
3829 1756 249
6427 6859 912
4058 2599 502
3313 3278 343
7052 692 756
4479 8921 381
3160 3427 58
1351 4805 528
1654 3986 5
8952 8032 755
7049 8570 897
8613 4536 779
857 2143 447
132 7309 5
6299 4654 231
3024 7639 407
8410 1811 924
9969 7199 613
4309 2497 466
2226 9627 583
2703 7457 246
1162 4203 562
2970 5061 368
1157 4900 607
9442 6060 55
9946 1450 46
4848 6822 151
670 1698 369
5232 1497 116
3149 6496 874
8968 1467 109
780 9574 342
745 564 637
7193 1164 972
4694 6807 956
2425 9101 350
6855 6650 42
5371 8754 23
2342 1176 522
6511 3620 300
502 3025 494
4567 3509 564
5510 3221 682
2619 9326 769
2644 1999 813
6911 5574 651
567 1235 949
4239 6144 458
5662 580 993
7702 1992 724
6751 1722 519
8393 8213 147
634 1205 36
6711 1932 6
7908 3455 302
9054 9727 180
6399 6478 694
5877 1113 967
2818 1248 192
1906 9736 680
7909 1400 873
7377 1677 432
8767 7700 858
4393 5950 924
2890 5695 836
2824 2265 786
6579 5981 753
9624 295 949
9218 6026 616
7421 2243 872
7826 3297 295
5016 2375 248
155 366 790
4100 2676 358
2246 8484 933
5367 6497 502
5146 1731 883
5879 6243 663
7182 69 340
7913 1428 579
724 9225 268
6450 5503 562
2182 4225 332
9400 6796 814
5299 1636 488
4274 3333 867
1024 6319 250
6951 9569 274
6585 2986 832
6796 1863 556
8476 9468 175
8026 2346 606
7701 5187 517
8738 4560 317
3571 19 379
4746 1524 584
3225 3517 776
8350 9203 182
7138 4784 689
6284 1694 569
8643 7326 195
3052 9217 986
9446 9915 576
6935 9049 0
1581 2254 407
9772 8553 688
3167 2495 659
5212 3736 168
4028 9175 87
4907 6295 575
7047 3075 885
3237 5685 617
1261 2564 829
4470 6495 792
8863 3526 308
975 528 711
9696 116 832
2620 6981 972
4942 8404 480
3916 3208 858
5360 9063 93
1087 8167 984
4137 1650 346
633 5319 422
4962 5342 669
7743 4340 404
6822 5276 671
3774 3648 241
4279 5163 335
1274 5569 35
7479 3883 437
8592 8947 178
7918 44 496
4674 4110 239
358 4286 688
3639 1306 378
3963 4871 618
7695 6406 526
8951 4035 547
1429 6992 902
8942 5434 460
330 1064 793
7123 2555 843
1785 1268 149
7517 6924 100
1609 2321 844
2095 6633 493
2639 6120 840
230 223 207
6800 7192 998
755 7026 158
4613 1383 669
5030 5262 761
3936 8723 773
9594 6069 187
1906 8959 556
6214 6681 504
9510 7166 824
8437 941 898
4427 3541 30
1439 166 189
85 4093 69
6476 1514 932
4885 9390 693
9211 5360 500
5949 3808 537
9506 4406 92
2149 7777 987
5087 5796 955
7732 3471 723
3891 2240 950
4106 7433 295
8182 9189 661
2191 7463 316
262 5705 126
9985 6636 80
6249 1841 254
7826 8924 28
682 4237 563
9946 8113 838
6243 9204 449
6230 1286 285
8777 430 136
5252 3772 948
798 9928 27
6549 8804 217
8623 9757 472
4903 6190 943
8177 4667 665
9672 3224 218
119 4340 639
3591 8207 600
8506 485 954
9701 7525 594
7345 9323 384
8445 5302 142
7542 4666 352
419 1040 398
449 6521 693
93 497 563
3454 3900 9
3808 9923 729
5648 329 846
1584 6986 652
3139 5231 436
5299 1649 326
3201 5844 682
4536 7055 463
6249 7884 77
1292 2300 677
2455 1613 44
5758 7508 799
7107 8331 768
7110 594 407
5656 5823 38
790 2445 206
3026 5106 302
5099 7997 554
7633 4703 580
97 1728 683
9575 3543 70
826 7206 115
7580 8749 448
3513 5626 903
6858 2050 670
7258 1294 3
7913 2761 449
2642 2619 150
2452 9241 495
1066 5148 185
8431 7591 30
733 8596 613
2448 2339 836
8128 8882 993
9131 9449 897
2250 1768 478
5507 7921 678
9481 6757 754
3910 7802 685
8233 6318 678
1787 9552 758
4289 9606 111
2411 948 476
8966 9267 449
6349 7943 334
5261 8385 69
6658 6151 47
2566 3908 227
2652 914 354
8997 9762 334
1797 2706 932
2646 6376 723
8100 8787 427
3096 180 771
1281 7843 654
6411 3522 512
9557 562 122
4864 741 162
7203 8153 410
6173 9082 134
1918 510 749
6927 355 638
323 2370 868
33 8895 181
9055 1270 643
329 1630 987
9749 5644 350
6338 7082 707
7249 139 707
2625 3427 887
2254 1079 921
984 6941 796
5869 2211 547
1797 65 685
9626 4555 71
8473 6437 211
2558 5887 5
2326 7676 126
1073 7552 752
1768 6373 609
5895 4013 858
3331 7352 960
9579 9213 809
734 3097 972
9604 4869 668
132 6899 890
5865 4372 291
3183 344 675
8707 1597 685
6232 4110 306
5175 2027 694
7641 6483 99
1885 897 893
6158 1728 86
5107 2882 550
1500 6188 550
5700 8447 303
8335 4884 120
6547 5975 220
9654 7125 139
7252 422 4
9220 16 511
8586 2729 750
3519 71 176
5632 9638 589
5910 9387 247
822 7016 35
8952 727 484
6665 5534 598
2511 4821 606
762 4819 287
8622 3052 70
3848 8669 711
308 9724 213
9070 5238 336
406 3471 343
125 5302 408
8533 2015 158
7362 4987 82
2515 3534 166
7094 1397 830
3807 8809 937
3806 8781 254
8614 6096 836
6057 5504 24
5988 1886 33
5499 4143 112
8960 900 934
9626 5852 336
7966 511 287
4539 2723 524
1992 5435 525
5577 5337 529
2886 6042 131
4903 9252 39
6035 3163 277
9885 1287 213
1400 6973 748
1314 3995 679
1737 7269 879
208 6494 530
12 7929 47
7984 5453 48
2064 963 519
6874 2657 641
8382 2087 89
3061 5301 463
7851 3553 140
324 8277 327
5199 342 116
985 1785 81
8606 7985 231
8728 7925 649
5640 8628 313
4415 3430 588
8713 2523 524
6447 3302 607
7928 5876 816
6306 7401 74
4403 5800 61
9093 8418 686
5541 796 406
882 0 796
2361 4584 162
1556 6665 850
6458 9236 483
1672 573 713
9412 1186 267
5814 3983 728
694 6201 702
354 3864 284
3415 7379 469
5280 4859 839
2973 1695 50
2743 8281 163
8524 4847 144
1408 5839 306
325 9491 509
6619 7729 138
1329 893 738
7906 2546 981
2148 2122 441
7381 6456 960
3134 7453 600
7823 784 802
3996 6062 39
8905 4089 571
5663 6653 500
138 3858 337
1096 5540 839
56 6708 717
210 6109 853
8605 4387 37
3217 1622 146
9972 7335 58
2605 7587 156
4219 6786 619
1251 3074 298
3063 5521 810
2437 1744 782
903 3901 241
1332 501 231
8597 5544 353
6469 6167 748
8858 3215 809
495 322 693
4059 7693 66
2427 920 561
8527 2006 931
7368 9100 780
677 9642 115
5310 1414 582
3836 5003 568
6203 5933 309
9012 1467 309
2831 6239 34
4210 297 426
2807 7267 887
4815 2319 994
8794 7355 972
2742 1021 238
2482 8469 871
308 3835 244
4134 2761 429
709 7271 672
818 3585 728
8587 494 690
4609 5727 507
8699 2700 181
9331 6654 670
5646 4355 420
2627 3663 74
2663 1035 975
1032 4920 148
2713 8756 613
1800 5557 326
219 4320 820
9944 106 178
1589 7037 161
5331 1916 283
156 9256 842
230 9318 135
2236 5223 825
7326 4133 833
5754 4383 480
1291 3563 50
9833 5419 722
972 8932 279
1557 1951 591
6450 7097 700
265 7196 564
759 6399 568
1359 9662 745
4145 7973 972
1188 2450 377
9831 4914 773
2061 1664 810
4743 2192 783
1064 4668 581
4557 5216 686
6836 6444 634
3437 6111 496
1964 177 868
7990 6197 578
6377 1833 219
6957 226 187
9043 1679 347
3429 5539 160
4621 8144 45
1398 2556 31
6065 4149 940
6503 8023 665
8851 6361 235
6971 6674 901
7083 1045 589
5399 1331 392
3218 4232 858
405 104 103
5095 172 687
1387 4055 219
905 2421 472
5500 570 671
477 1621 715
1275 1049 415
7269 5370 6
8111 2901 696
5229 8412 775
4631 9871 210
5232 2349 323
3537 9297 333
1711 5306 222
3331 2164 659
6520 2821 137
3176 2358 831
3877 3476 946
9189 7612 711
3162 9030 480
5340 6899 749
6098 7881 258
9792 3914 475
2764 3559 646
5122 5378 711
925 8536 34
3221 8078 936
738 3412 76
6871 1111 792
4998 2902 516
1275 2785 414
301 6716 236
5811 411 979
3184 3495 338
7385 7886 633
5245 1678 587
9785 3990 55
6634 205 572
787 9839 122
6217 8513 205
86 1564 153
5188 8651 791
3903 3927 119
8311 3588 872
8994 5308 218
2250 3221 904
1339 8090 543
7083 3731 432
4894 2755 358
6171 2194 728
8108 2678 133
34 9935 878
4933 795 185
2795 8480 221
351 7042 672
1474 761 664
6346 8371 668
6912 7199 959
4331 8602 375
6373 5967 720
1221 9071 252
5496 226 760
3993 1277 289
5201 5279 843
3716 9997 476
5623 7157 611
8745 3143 390
9742 8753 310
977 5738 454
8565 5291 414
5459 19 489
5683 4154 996
5744 6542 94
9758 390 966
3134 428 818
6116 4855 87
7534 389 305
1049 3675 870
6097 5869 561
4052 2184 736
2744 7763 796
637 5618 699
2775 3514 870
2904 2315 812
3659 1911 62
3663 5417 975
656 4374 338
7891 8520 213
3771 4576 947
1430 2896 416
7367 2918 370
7468 5533 838
6036 6245 872
4216 2945 783
7639 1972 934
2304 4794 992
1917 1574 428
4251 2571 439
2513 7199 694
1083 6482 147
4939 8693 983
1955 1822 824
5410 3981 116
594 4266 275
9971 1317 730
8800 1294 331
6345 9429 706
4181 7758 317
4905 5387 381
5288 168 533
1854 772 172
5130 7060 80
5750 8888 213
9847 2484 892
1538 5061 285
2477 5492 698
4420 2111 184
3794 5402 141
3530 5878 603
2387 814 395
1924 9078 142
3485 7377 486
1218 9570 419
9566 2599 469
8739 150 939
1450 2691 630
827 781 513
3727 5698 704
744 8322 262
5933 1982 186
4225 7520 670
7268 2864 858
8994 8628 449
4974 8884 716
5868 1748 930
1185 7716 419
2847 8327 350
4976 9909 956
570 9494 211
3038 6115 554
5971 872 920
5111 6062 254
2154 3490 457
1347 6464 202
4312 7024 599
4922 5622 789
5848 7402 793
8562 2639 175
1989 3635 158
2693 8989 310
444 462 512
3055 8233 196
4723 7975 146
9574 3134 626
886 801 89
5290 7042 500
2633 8853 927
2263 3882 967
4379 394 759
7671 2830 94
2621 6981 600
5176 5984 131
7904 740 552
5497 9671 660
6390 4239 239
7555 7831 824
4186 365 733
104 1910 128
3835 6740 206
8469 5025 240
660 8827 956
5462 2932 329
5189 502 549
865 3649 299
3715 1770 508
8160 9860 152
3521 7911 301
967 8087 536
3227 9242 631
5258 1648 568
9866 3062 201
3730 2645 643
575 7110 446
4845 7225 334
337 2381 29
6991 8070 440
7728 3108 367
8742 4412 412
2051 9869 580
7270 7209 230
4961 9149 618
3757 2895 221
1353 5761 195
1884 2323 775
1452 3303 466
8543 799 738
1420 2765 778
7472 4730 113
6100 9320 667
4217 8508 381
828 4851 64
7846 7979 232
6457 6933 114
7490 7241 841
7175 4741 879
7077 9191 810
968 2398 983
3931 9323 919
2803 2026 301
389 2010 46
3751 7795 70
7827 1262 466
283 4732 200
2039 9531 618
9399 8189 79
6528 5918 593
8108 2912 864
9082 1210 87
5204 9189 514
8937 6202 718
7181 2883 42
7774 8558 382
4727 4002 81
635 513 238
1089 7683 28
7682 5208 671
6034 9493 103
3132 5182 492
2287 5944 231
8283 5272 202
945 6466 622
3755 2579 968
5669 8046 664
4301 7162 467
8520 1942 489
2330 7643 72
8387 2815 735
5449 5732 61
6198 347 790
6524 7114 721
6294 6242 109
5857 7466 952
7930 9869 44
4530 6980 540
256 1939 556
1747 9769 628
39 4101 588
9869 2469 187
3318 9766 144
7607 5881 465
2616 5311 854
7315 3926 199
858 7414 516
1186 6959 400
1206 9061 82
8474 6235 640
477 3308 39
9673 7777 940
8348 413 30
5007 2940 401
5409 7083 264
9230 7918 817
8679 2359 139
3991 3184 149
7222 448 160
4428 7024 941
1872 9278 664
3293 9708 128
1961 3828 923
9582 2497 2
7990 6737 174
8900 541 743
2260 1571 238
9619 9390 859
7754 9892 685
6431 7605 426
7356 655 795
7500 6006 834
2615 8972 269
7394 2787 762
1921 7650 620
8572 3460 968
2633 288 360
1581 7011 980
2025 594 659
8831 338 325
4089 9028 156
718 7474 81
4357 8524 263
9863 292 704
5191 5183 704
6343 781 411
2753 8714 394
5371 5430 987
2314 9799 264
2686 3567 128
2453 5194 968
3852 4707 163
2949 3705 207
27 6177 136
4441 7364 668
8856 6502 213
4375 967 569
8357 7730 243
1489 5897 746
8744 4764 776
1113 7424 100
1875 5607 971
7051 1665 477
2954 2325 193
8934 224 731
4968 4568 610
7931 1577 919
6878 7193 551
6643 8686 480
7427 5050 976
6823 3170 188
9116 6234 5
1041 8727 994
1851 6406 585
980 3881 717
4535 4857 211
8115 2103 101
7363 3496 357
8313 6622 704
7044 9046 304
3458 3306 373
7967 8028 148
9711 6302 249
6521 5838 913
6937 8688 419
418 9110 390
5733 4117 599
6308 9919 871
8843 1932 167
8878 3737 367
4932 2027 840
3958 2401 204
4355 808 335
5339 3269 33
3199 1826 615
7035 2194 478
4715 1332 283
4983 5728 785
9869 3288 340
7532 5126 786
3624 249 599
4945 4566 880
6624 2745 615
1067 2222 817
1922 1437 720
6202 553 648
8783 2307 806
6928 3462 33
8326 9013 928
6460 2601 165
4800 9206 446
4138 5350 42
8101 2481 292
7443 8448 296
8865 6199 529
342 8881 923
2177 2598 290
352 8216 860
8574 3459 77
5144 6651 199
1911 6451 373
3060 5008 399
5921 6689 714
8105 4364 823
6256 9342 531
7718 9305 217
2161 2969 195
173 9572 210
9347 8595 591
7049 2204 164
7732 7967 100
5314 2401 791
8987 4651 925
5717 7636 819
6799 7948 332
334 4032 302
7117 8223 870
7435 1226 929
2726 6875 646
8927 9286 749
2323 7353 295
6142 2013 668
2586 6349 208
6367 7162 492
9255 8346 397
8308 7671 961
3635 7224 785
6149 9874 932
5918 6987 416
1420 7155 226
4526 9399 794
8251 3757 6
7406 4901 264
6028 5532 253
5155 5017 710
9978 4671 122
1753 3484 959
7613 5341 18
8255 4603 192
6548 1044 520
5363 4467 718
4159 4899 111
6368 254 756
8635 4029 248
3369 2208 838
7610 6085 462
2971 2276 27
3350 2224 801
7727 8981 916
7245 7324 244
8601 763 586
4908 5076 675
1048 2576 670
2095 3894 258
5488 4827 227
3119 4238 483
4645 3003 772
136 750 953
3324 9498 681
6248 3353 213
5233 3411 698
5431 6162 173
9248 3331 678
8931 4974 40
7425 8737 560
6842 1535 254
1405 975 692
271 4112 716
3277 3648 127
2915 3569 276
9167 33 745
7817 2080 314
1789 2197 396
4189 3710 578
6387 4295 490
4794 4679 638
437 8140 501
4889 25 427
8007 7363 798
8132 6778 285
4045 9859 795
128 2158 18
6450 6997 492
5656 428 361
1403 8624 213
5652 4546 996
7204 1166 910
2962 4688 0
9957 9217 99
9174 4587 908
1249 8929 394
5967 8823 292
5995 5117 353
2880 5846 116
4529 6332 219
370 5960 532
8977 7048 964
1287 7188 525
3256 8799 781
5190 4151 60
2130 5075 47
2101 1727 487
4469 9292 880
8171 9271 309
3447 8538 90
5305 7901 70
9429 1166 266
198 1390 423
7439 3211 594
1945 3030 793
1739 4601 452
3942 3003 852
1678 4912 388
8537 6730 877
6920 7544 316
1174 213 695
2896 4375 37
4747 4954 353
6363 4505 177
1023 7832 926
7206 5445 372
