1000
500
795 150 7
518 684 653
701 673 469
600 412 821
223 344 699
288 192 150
530 33 42
961 404 700
609 380 807
619 528 987
14 980 179
947 19 596
146 551 420
222 99 788
625 931 565
671 790 86
953 253 424
796 445 911
142 469 733
65 635 842
11 327 840
896 968 340
630 22 947
480 799 14
997 968 849
740 586 533
874 398 985
620 658 92
450 276 359
140 497 203
891 425 268
95 82 519
882 386 25
216 666 107
84 452 686
667 196 215
378 799 468
523 587 452
147 291 656
322 735 191
725 790 974
768 39 547
354 58 895
836 288 396
915 908 69
929 620 712
764 60 883
178 657 12
359 561 183
293 812 228
886 672 103
7 323 958
310 946 511
618 957 536
544 988 392
855 417 177
479 585 963
332 782 848
684 987 384
300 459 144
19 691 356
753 11 293
210 452 610
53 536 181
682 304 460
195 499 698
300 837 837
603 737 687
633 645 581
252 908 557
607 327 935
965 360 862
740 348 481
511 982 809
467 742 476
926 448 352
825 107 324
262 536 583
830 329 476
977 841 243
953 979 166
937 72 531
450 348 631
546 479 383
2 66 436
206 529 228
418 701 719
903 240 301
124 367 802
315 983 629
908 738 98
204 48 611
153 529 149
671 836 873
201 121 953
145 947 63
976 827 619
726 902 676
984 303 815
985 497 496
713 347 32
416 481 644
543 541 815
429 292 983
684 531 570
860 372 926
163 156 105
143 625 605
549 148 257
967 864 382
511 407 627
285 80 884
466 821 85
616 865 1
580 291 122
392 868 176
331 262 742
312 809 427
333 10 290
5 104 208
418 391 534
790 927 573
849 337 699
187 479 406
896 590 169
883 559 710
957 799 281
351 921 548
353 306 665
870 715 300
199 743 579
488 424 463
337 238 331
902 163 902
685 693 812
431 503 534
588 461 780
627 459 509
627 447 790
599 864 987
197 53 211
63 773 779
653 236 324
263 804 380
215 968 910
569 505 800
703 982 197
696 61 833
209 955 685
96 104 671
661 693 390
181 166 887
10 20 828
278 28 681
244 420 286
217 252 600
639 359 870
606 319 511
621 776 749
891 244 217
901 549 92
318 691 179
520 363 812
612 14 341
734 972 771
552 576 28
695 211 222
759 197 374
731 604 805
181 54 181
876 349 240
709 613 111
446 551 202
124 464 836
303 657 46
688 525 635
95 525 582
347 888 469
903 334 840
373 274 403
393 475 825
259 983 814
305 524 370
323 508 600
519 671 768
156 835 310
876 674 614
390 926 633
538 291 568
323 734 802
220 779 555
65 181 785
632 559 804
845 851 54
483 985 57
88 73 309
362 149 443
611 612 434
39 349 345
15 18 40
581 846 865
64 785 627
205 565 295
377 740 807
178 649 242
941 674 21
946 106 600
920 519 960
106 287 563
798 695 563
395 690 516
901 258 527
224 808 507
246 855 816
546 49 35
810 482 469
83 769 720
665 219 883
332 568 858
518 685 431
1 706 335
359 580 923
282 939 779
758 150 335
357 658 421
597 574 995
587 707 803
283 378 930
44 433 36
110 239 186
209 596 644
314 132 476
746 405 245
662 52 421
344 661 555
211 959 238
716 84 827
872 409 339
379 666 568
850 474 441
26 472 605
386 41 480
875 518 513
358 443 224
460 622 200
494 338 124
580 943 569
969 703 722
183 418 464
180 447 933
492 544 518
944 264 943
989 875 367
722 210 924
317 826 469
795 40 476
767 990 366
753 843 989
631 611 410
596 359 931
233 542 605
841 77 978
535 381 162
690 360 4
55 516 365
163 9 208
502 131 144
287 955 732
285 812 416
62 905 987
249 845 78
222 283 455
852 155 463
471 322 357
597 585 158
388 749 17
372 168 860
728 33 954
301 661 727
242 137 211
264 347 931
687 781 19
944 199 554
425 48 618
283 218 401
487 82 889
768 458 93
364 223 475
65 587 292
553 120 436
575 37 626
122 450 240
176 563 461
763 454 559
559 805 196
131 903 802
864 700 691
144 563 714
816 897 554
982 679 728
909 113 950
835 156 997
659 361 466
305 214 127
397 862 287
379 2 233
868 302 39
355 716 430
828 807 710
646 189 210
371 998 263
202 744 545
307 311 345
74 664 711
869 870 616
714 925 418
990 399 561
877 668 654
812 626 390
246 766 810
142 914 377
510 190 633
37 477 566
728 754 957
785 949 578
157 307 175
304 739 213
798 302 837
934 127 486
963 982 481
155 769 22
856 378 701
794 34 357
233 422 654
743 183 177
767 402 947
37 439 47
418 65 522
407 448 167
575 697 405
305 702 679
465 95 128
250 797 335
598 752 953
936 44 545
663 7 476
892 723 377
966 485 674
565 29 563
713 144 996
992 778 325
527 787 338
987 828 557
221 396 1
554 49 362
384 431 483
168 77 540
797 222 917
414 646 88
351 158 722
578 528 339
260 678 703
739 26 888
765 234 475
397 388 238
199 852 717
849 519 446
82 779 959
295 831 937
308 113 709
591 855 920
967 152 846
870 131 305
789 366 330
52 9 137
311 694 528
765 553 773
18 542 215
433 327 131
206 206 626
323 692 195
428 308 433
422 167 410
962 391 626
57 813 894
850 887 671
295 108 541
808 630 277
527 339 262
421 869 271
262 292 700
809 724 907
774 705 553
199 895 648
94 48 849
533 944 564
142 133 649
1 894 678
180 762 412
653 85 960
663 926 664
715 554 123
745 531 159
375 880 104
156 22 527
853 800 372
779 13 699
889 24 214
906 829 437
312 554 447
772 653 160
226 472 833
738 196 513
817 906 912
663 747 859
314 919 753
161 938 37
966 230 281
417 312 788
68 672 172
557 290 764
347 892 565
950 525 347
965 267 229
493 200 676
349 385 85
376 479 192
532 462 680
412 401 951
604 743 152
350 741 510
731 139 876
119 460 296
22 614 777
765 911 546
55 851 902
496 521 538
937 251 809
930 599 282
113 179 685
676 100 206
56 108 309
898 629 681
523 179 625
483 990 149
907 534 475
883 383 195
20 685 248
123 997 511
691 97 77
709 919 9
48 922 403
902 90 482
488 723 928
688 832 260
549 473 236
203 187 365
919 674 387
454 705 82
411 300 723
251 797 812
433 199 402
771 760 594
687 438 522
919 143 669
72 212 198
931 747 611
288 781 711
499 57 833
136 341 899
433 403 754
864 798 81
148 854 698
212 538 208
649 335 505
873 574 533
597 7 173
412 637 358
946 247 587
201 45 906
848 606 981
929 645 949
853 730 735
169 553 208
10 522 801
32 817 705
997 564 250
785 196 185
288 739 289
682 105 250
527 652 840
263 835 133
501 741 238
160 257 811
544 722 873
329 377 575
981 43 843
249 256 459
688 754 687
930 361 700
