12500
6250
7029 3089 690
9640 6570 7
5649 7990 393
6863 12395 710
9293 10528 121
8621 3262 845
7095 3842 799
8007 11248 132
423 3957 290
4955 11819 565
10751 1453 549
8419 2531 827
11148 9514 734
11889 271 985
9760 960 724
7998 2570 701
416 3405 341
9813 4836 996
8795 3 162
1600 7439 88
8395 12095 334
3969 6214 764
8606 11075 851
626 6455 666
8439 812 934
2456 951 948
4657 6624 866
11167 4882 659
6897 10908 915
354 11428 663
8861 9800 406
5713 9526 566
11993 12367 597
10949 5418 46
2204 2678 295
2752 4149 562
10021 2592 94
117 1827 787
2040 8649 267
2660 2003 139
8312 314 717
3411 11071 199
4569 7561 366
6343 3443 687
9725 7671 524
4209 2619 424
10464 3850 230
5898 10118 222
11216 11312 587
3957 9956 109
9240 5447 929
6422 3628 543
11606 11293 552
1897 8405 3
3261 10045 294
11175 1444 53
11624 5201 734
6836 5337 629
8709 2437 133
111 10072 367
1501 7581 170
399 9691 610
3269 5607 815
1778 11749 751
1372 386 627
5338 5216 306
5729 7200 86
4286 9306 124
701 1076 692
3373 11099 498
9201 6331 784
5379 2602 32
11715 9404 316
11721 463 614
1289 7843 490
6449 9597 618
4582 10691 804
8813 9665 113
3974 4724 618
828 6710 564
8074 12122 279
5568 10797 826
1817 9473 754
2258 2077 524
12471 6506 71
7203 6426 957
11141 9740 568
375 7375 897
257 4064 163
7233 3766 835
6624 12031 536
4421 9082 365
3406 5005 227
1708 9633 513
1059 12113 859
1825 9832 592
12306 5414 982
272 1653 6
6384 7690 884
5653 1057 227
2792 10596 587
9053 10406 856
390 4668 686
1145 4226 54
9024 12265 298
11443 1764 24
5844 1276 368
5357 9753 728
4105 6012 853
8334 8576 412
4816 7996 343
6354 11606 863
5994 164 957
1668 3311 115
8649 4844 433
3970 10242 831
9561 5506 38
7786 7829 671
11692 3648 942
6315 11047 76
8195 10760 129
2438 5252 108
10923 622 474
1522 2761 64
4263 5977 90
4070 58 64
5358 7458 535
3107 11386 290
11662 5272 320
10758 8495 355
5669 5481 730
11905 12106 296
722 11539 386
5574 1358 995
5785 904 217
3857 11185 135
5350 6277 165
11234 4613 346
2687 10163 102
11708 4242 529
5920 9806 441
11697 1387 639
6556 10987 562
3674 7596 10
2394 7322 327
6566 11130 678
8676 9235 596
7134 10674 868
11570 5231 456
11902 6509 358
1418 11798 458
3342 10716 33
3215 431 237
6614 5359 813
6685 8262 824
6080 10569 56
2515 9059 978
3128 3718 763
10654 4455 617
12163 3170 455
153 8477 662
3712 4101 36
10521 2680 92
8017 11177 766
4862 7264 281
2787 6575 245
8064 6071 117
9568 1537 384
12255 8205 170
9469 8142 209
12012 9480 545
2745 1623 771
4320 5912 933
6264 5140 566
7945 5152 831
5267 6822 49
10646 2973 139
1192 9781 274
3407 9442 13
5302 3255 321
2582 4221 668
4332 2529 67
3543 3342 885
10045 11022 645
8717 9864 176
5549 3170 561
11285 8796 613
6775 2265 746
11648 9108 392
2498 9802 652
8112 8549 831
3401 3958 238
5151 2396 801
11259 796 754
5880 7079 67
6393 10215 155
4877 9067 164
10673 3347 544
9428 5003 718
3844 10377 618
5479 8540 549
2646 9346 117
1912 6278 25
6259 9267 261
3803 11525 671
9246 11823 152
3590 1868 129
185 2624 504
9986 9689 427
6508 5382 788
249 11542 856
1722 1083 253
11729 9466 200
7878 3649 91
9134 3117 500
5100 1535 317
3225 5736 392
4379 6399 763
1516 11098 272
1115 9893 876
12220 6474 452
1708 6921 9
9673 10332 930
6477 8863 545
2623 4434 804
1941 8361 365
8237 6353 301
7157 9831 702
3831 2373 939
3326 4243 454
11808 8207 16
1075 5878 532
11803 674 189
4117 2357 377
9253 10831 324
8209 1517 957
11614 9969 795
11324 2209 872
3789 1435 983
10874 5224 608
8569 8420 776
9980 8634 950
3747 10618 95
8130 9207 625
4227 10975 968
11920 3999 517
10765 9814 364
2751 7799 417
10089 6983 338
2027 7565 47
483 11950 32
9180 3302 472
8682 11438 996
8383 5327 67
4512 8899 796
3320 6247 278
4529 9421 142
8219 5105 686
1842 5448 393
1829 7379 835
11870 11618 914
6660 10036 849
2437 3369 905
11744 10431 863
10250 4306 43
2333 4864 939
8444 8083 950
3293 2701 934
7468 9742 269
8425 3244 447
3832 10965 183
4192 9556 654
4633 11272 984
8750 9844 127
329 9633 175
9326 3085 250
11519 7792 291
9943 1178 919
3672 5446 878
637 11197 953
7297 9014 218
1207 1600 28
470 2379 285
6765 12462 146
390 10028 460
6432 4509 636
10834 1755 348
3784 9225 12
7926 6 143
8617 4065 693
7374 6251 96
12193 1424 950
10569 8293 87
4356 3028 625
7092 3548 179
10504 1467 908
7792 2169 972
5464 5085 587
8472 7666 392
871 7314 357
1384 481 838
3274 2423 549
6944 778 787
8871 948 15
7812 8965 202
3242 10349 281
4995 6632 696
1156 6621 247
5596 1349 158
8001 961 242
7318 12491 474
11338 6403 706
7650 7456 580
6855 5990 739
4840 1997 520
6870 12298 387
3327 8664 582
9253 9589 568
4214 5567 999
5006 104 332
6200 6593 324
4624 9376 51
4756 4174 909
5343 8149 305
2502 1456 674
5501 2982 894
506 5757 201
5366 9086 100
3834 2027 915
10850 8946 315
7447 8824 479
5065 12158 355
9067 2335 621
4072 5536 463
6801 11687 19
1999 2800 855
614 1433 453
43 11411 865
4729 11147 728
11151 3749 922
10863 10598 221
10486 12288 584
1812 7796 921
5917 6261 765
5584 3743 87
5074 7684 316
4826 824 766
1667 7650 130
6013 9023 99
4088 2924 562
3903 7634 393
4169 10508 474
8093 11639 365
2008 5706 729
8571 5044 536
3502 9793 537
1261 4417 501
5313 7164 734
1855 3394 329
5098 10834 301
6053 2925 83
7997 7452 975
5165 6127 790
3792 9343 278
7524 1064 223
8491 9223 31
956 7399 770
8685 5190 973
5923 11217 361
982 10246 741
3774 9134 907
10129 10896 690
2785 370 912
6539 2187 863
2626 11212 926
11365 9045 162
1417 2746 295
11692 12118 370
9422 8637 287
2010 301 10
7226 7762 524
8267 11961 639
10097 10687 540
8183 11651 952
8803 210 341
7263 6204 844
635 5731 495
6954 4456 640
11235 2749 470
4420 1584 151
11415 3485 194
10534 2842 440
11619 3519 493
4151 668 617
1915 4410 504
9571 3507 275
187 8094 182
749 391 844
4899 6996 551
3049 4257 199
2725 11240 533
3960 2585 134
5209 5747 609
4684 4951 467
876 4385 311
2244 10689 512
3992 4056 455
8679 1579 37
6359 5642 806
4291 9413 243
5172 8711 304
6889 10476 380
11438 8445 464
11059 12496 241
11006 11392 63
9458 6689 901
4740 5477 985
11345 7339 658
10054 8796 361
7681 9243 180
9129 12070 729
6262 3233 220
9226 4946 167
11884 6811 178
4874 1960 453
5012 2166 317
8023 3884 971
223 3375 276
2467 2583 964
12492 3549 974
4591 3468 990
8166 8221 650
4055 6512 470
3630 3871 606
2788 9144 938
6564 2759 567
3254 8602 998
6655 6696 877
10334 2543 86
11631 3345 683
2303 2347 501
11477 2001 819
11399 9657 730
3675 12236 951
4668 7172 165
4831 6225 276
1317 1600 372
7319 7014 666
1753 6953 748
9380 7148 727
7094 10907 98
1680 8656 840
4181 1676 594
2576 12400 287
12296 8002 328
7222 9117 204
847 1152 993
9186 5377 344
9629 8736 141
10070 7498 450
5242 5762 784
11690 12297 985
6902 561 166
1127 7926 42
49 8865 956
9793 10230 614
4162 10257 58
8187 5357 644
1131 2901 744
7358 6488 836
1120 2087 923
3833 7164 414
4626 9911 577
9812 3996 683
6089 957 86
9481 5791 57
2597 3500 904
9732 11888 549
9664 6202 720
9057 5389 537
206 6434 875
2030 11470 234
9825 3059 138
4233 10965 607
3765 12432 843
3062 9316 459
11823 5873 466
5874 8818 735
1774 5181 133
9879 4809 304
2205 1665 116
1692 5306 134
394 3958 929
682 8961 654
2342 10515 308
8617 4420 327
958 2550 857
1660 8204 130
8497 1255 473
6069 1662 892
9819 12316 165
2461 11037 134
3935 3629 738
2398 11465 707
11676 10005 832
2162 658 135
1649 9203 886
6411 4409 12
6744 8822 456
11880 1684 977
11129 802 361
507 9213 444
3601 9688 889
9424 2347 246
10512 7122 826
10706 3409 208
3310 6357 533
12034 4945 136
4934 9949 235
6814 2488 656
10570 2677 878
10048 1032 18
356 12055 44
4604 8600 602
4153 62 727
7533 10449 299
606 11998 906
7374 6506 351
8701 2956 351
9800 5822 198
7041 3603 779
6146 4673 680
12147 11015 243
7020 10705 577
11292 9282 682
5267 2687 58
9850 8537 537
1630 10066 367
1214 11247 138
5336 2135 116
8433 488 581
7765 1124 958
10884 3594 190
2351 10957 794
12079 10269 418
4575 10999 241
5492 12470 895
4064 7794 15
8777 414 780
4186 12243 649
271 2394 850
1807 5854 598
2250 10478 297
10526 1795 472
7129 4888 959
4859 7819 283
7277 611 525
320 7075 21
1177 3441 573
6845 11423 771
6165 9745 842
3137 16 225
1978 2013 995
10654 8152 919
9885 6656 867
6886 10842 801
3530 5465 779
571 1387 96
7327 11102 388
7946 1951 494
3377 9735 679
10132 5425 871
9529 8015 51
8961 4731 422
3294 11041 270
1250 12041 131
2106 11652 745
6618 8642 363
9848 6884 639
2990 1195 549
6321 713 875
3099 3786 724
8050 6820 263
1997 48 235
296 8317 414
10939 8172 991
2209 140 538
25 1522 328
9997 10581 805
8870 6218 739
11274 12409 476
9029 7561 701
11218 2444 748
5327 7183 467
11638 9913 900
9066 12146 387
1532 4284 350
10487 3248 934
4525 3960 438
4700 12020 796
3770 10640 920
6341 1305 978
2735 7264 680
11931 10682 80
8349 5339 51
7093 9722 594
1200 5271 201
11831 1783 256
7838 1985 403
2534 4159 352
1213 8617 233
234 10357 591
2608 5646 354
5385 11035 258
10791 982 256
6837 549 149
11152 5454 864
9597 714 674
8352 634 948
4366 274 551
6122 12067 96
10947 10460 551
1377 9108 482
3290 6719 790
2321 985 554
8143 1220 220
8980 6454 393
2311 10541 414
6934 11261 898
7357 533 44
3303 10431 741
4615 5218 842
4499 10867 353
8267 12309 679
353 10515 314
10806 128 323
10321 12439 409
3023 8489 740
754 8672 714
2633 6742 806
7412 241 202
11988 6481 560
11666 10767 870
8963 2387 347
1919 6201 209
2389 12427 917
5611 1958 105
2944 963 595
8681 8727 798
4940 7959 260
8788 3678 520
4664 3211 555
7706 4716 490
3299 1015 850
97 2975 368
6117 7795 988
11117 8072 726
11844 922 680
1626 10173 565
8995 7961 377
9157 9619 468
3431 12004 246
1099 268 563
1448 8511 537
66 9439 141
763 4284 498
1756 4336 415
2504 6293 630
7483 5248 871
11628 10375 625
8580 12270 190
1322 11781 833
377 7187 664
2445 1152 33
6333 5232 590
651 10937 525
7306 6171 218
210 2210 137
9736 5725 638
1112 9784 167
231 1763 495
2403 10262 962
6238 3098 221
8388 8896 849
9166 12397 126
4383 8634 363
3762 4274 60
5796 7913 274
7407 968 760
1137 1 477
6082 6651 231
6952 6618 444
6533 6818 797
1859 5733 215
1204 11494 279
8908 4097 726
6563 7601 548
2124 9024 707
2066 8668 324
12209 6422 384
9393 382 5
5300 4129 808
10007 5389 479
1773 6159 823
11963 6888 412
7258 4182 104
5410 7727 336
9984 67 85
861 9145 631
2217 4416 602
5570 2279 704
5086 12467 707
6800 7265 50
33 4516 67
2111 3680 944
6281 4374 336
11581 5663 193
5311 8027 48
5242 2219 246
5937 4533 416
9386 9562 683
10336 10864 822
1880 1311 93
12245 5135 194
9268 1586 769
10506 5195 669
2667 1720 636
10797 7095 768
2164 3353 282
3484 4143 572
6989 3692 261
6328 11758 688
2546 3245 562
5797 3211 161
974 209 110
1775 3839 999
7693 9984 133
7012 6257 335
9273 4419 762
1684 1362 995
11173 765 838
10531 8449 49
4378 2584 60
7929 5157 195
4121 1979 147
11879 1195 92
4978 427 680
11584 11036 906
6937 5274 549
11250 1955 95
7967 1955 698
9544 3392 454
4337 10386 948
11732 1494 610
3722 489 833
3474 6749 756
9614 4988 319
3959 2361 659
4317 3912 115
50 12061 245
3683 11742 146
10259 3582 184
3812 9894 160
2002 930 100
4759 2098 710
4854 2762 360
9635 9565 283
12172 2831 274
10553 6550 638
6397 12244 456
7195 294 12
1441 1234 654
1001 5386 42
2513 6050 747
237 5381 670
10968 6539 933
3977 436 883
197 1036 674
11211 3209 238
9535 4023 275
2286 3190 985
6872 7565 878
3788 8930 486
11801 10625 533
9309 498 70
3085 10735 100
1890 9302 227
6696 6543 978
11287 6341 93
2875 4007 469
6706 12163 731
10874 10623 624
7317 1946 540
200 3992 189
6475 757 87
7808 3911 768
9814 6823 126
9395 12419 360
11694 10690 341
4490 9684 241
1111 4666 916
4217 6511 26
7668 3528 131
11750 2166 442
6978 9095 742
1977 5266 519
11224 7157 336
4312 505 139
7159 3469 962
6701 10190 696
6094 258 297
3564 3877 144
3602 6910 132
7638 3149 540
6887 560 440
6446 9975 415
2331 3612 685
754 2064 13
3090 8716 468
743 12191 80
3991 10976 409
7246 9120 204
9289 5334 773
1266 3358 653
7087 9005 176
11527 11445 819
7361 11353 845
5105 2909 459
10267 1145 989
4936 7176 494
11032 7410 823
11818 7920 290
2658 6651 383
6866 11687 367
1070 3872 814
4849 7276 571
11970 5747 559
12352 2620 473
9529 11982 155
9647 4978 584
12240 8513 510
6884 6740 355
10563 322 870
3687 61 377
1385 11300 326
10465 8205 316
2145 4062 291
2250 10348 680
4453 5792 964
822 11925 577
6811 10792 486
3985 10739 504
11161 11971 480
672 2195 375
6800 2119 155
8793 6879 996
49 10642 877
6795 3177 545
7883 11681 191
156 1770 121
9353 863 776
5818 3009 179
10667 6661 578
11997 8978 313
7624 5715 428
10000 4564 821
6816 3376 62
1061 1759 476
6296 8585 344
10553 2659 219
8155 7581 313
9302 6688 161
2286 1557 602
10961 890 461
12488 7476 130
8862 6919 830
9445 6215 62
10953 4437 15
483 3867 902
4837 6490 203
4060 12396 724
8498 1218 769
4782 1253 873
6953 11886 371
12118 3751 599
4321 9747 232
4698 4760 841
9634 7260 136
10987 9067 131
7573 2593 276
6340 5654 740
8597 6275 682
548 6056 150
10210 7866 487
4124 1276 20
9479 10826 427
7400 2703 758
6782 8450 584
4511 1520 935
10702 2596 872
12068 10554 540
7709 1637 470
566 809 530
10794 9982 866
11153 1472 244
4233 2603 928
5995 8481 761
1930 6579 301
2332 6426 830
9351 2542 497
6371 11962 33
5621 1804 648
1387 11620 622
1351 4584 445
4434 8700 181
6380 1854 604
858 7714 947
9368 9911 157
1387 8922 191
3214 6564 143
11134 10424 678
4689 126 934
8089 1107 716
580 2460 874
11868 1536 68
177 10070 441
4596 2423 328
9850 5511 914
4005 8498 835
5126 7046 13
10608 11762 191
10793 2043 775
1234 1250 204
6980 8420 120
7499 8623 468
5507 7750 353
3180 6652 891
7205 9354 90
12370 7771 577
8698 4088 675
8369 8150 851
1395 1656 777
10878 8397 718
11111 5637 634
1953 2688 565
7510 345 75
11134 4570 787
2754 5159 401
4133 11495 814
12188 10614 439
630 7670 838
3208 9382 452
10505 12157 594
11260 6032 848
8362 4690 511
5200 11996 849
7512 370 143
7811 9291 66
10067 11775 810
4248 7881 407
4062 11488 870
1513 11016 645
6399 11864 376
6414 4014 688
42 4170 611
2354 7816 986
898 7826 425
6984 9932 203
198 6950 494
6710 9430 223
3056 10482 566
4112 372 420
8965 2402 710
7774 9790 82
7989 2690 229
8888 9223 429
11389 8921 496
1141 12295 278
7857 4555 155
7877 11860 566
2092 4285 76
2320 2251 721
10033 6390 14
2218 4558 543
5614 8449 486
4122 2867 86
6011 7038 342
6274 2605 275
1962 7119 25
8523 6319 105
5997 6350 362
702 8294 867
1248 3695 105
9511 10469 755
9631 10470 614
2407 10679 530
5417 188 427
7473 1123 216
7345 3583 217
5335 11566 990
3891 3375 47
7536 4806 260
11085 7313 95
2587 10552 483
10424 1195 938
1829 11774 401
5970 1203 627
3563 10573 712
1357 8350 446
9414 5306 505
3255 8527 825
10667 9923 775
1517 858 330
9941 12206 216
8931 10472 782
8713 793 284
301 10397 317
10326 12035 762
8921 7399 644
6382 9664 557
7859 4577 828
5365 1025 914
11796 5605 272
12205 6774 691
7902 8449 601
2757 5267 773
2987 46 786
6723 8171 201
6101 4765 91
11290 9394 709
7440 299 138
4339 7718 734
3091 7954 579
1264 10980 882
5780 10639 263
10167 8140 318
355 3207 912
11049 9758 58
7857 11864 366
2874 12236 907
6405 8953 979
10487 5973 925
2403 11918 772
10224 8579 396
10615 3735 51
1126 2271 250
6491 2615 110
5372 4200 669
9154 11336 524
682 11499 918
491 5210 972
4569 10789 381
10385 10950 455
6310 9102 113
12285 7232 213
5766 6168 300
7976 6047 722
5764 1311 982
9006 1536 869
3129 6687 401
6867 3085 508
5310 4338 133
10396 3669 689
12195 10192 822
5762 3965 333
7159 2021 23
1138 11786 483
763 6113 245
8029 7412 887
11593 4573 782
9173 2640 419
203 10534 845
11377 4686 832
3641 7668 672
3603 5364 238
2429 5035 655
2270 9732 269
8185 8712 396
11485 12211 581
2157 3913 714
4328 7180 473
8830 12215 275
550 11500 663
6423 12338 927
1093 11459 900
9637 4756 211
11104 7598 315
11015 9106 977
2556 10498 886
336 5783 893
7381 9434 244
2284 10418 892
7195 259 330
3215 1436 14
4736 1461 532
9234 2404 880
2770 8407 457
5030 2218 474
7696 10755 709
10905 11823 230
5027 7243 624
1355 1257 443
2051 9670 493
4074 7254 609
10312 8751 99
6603 8769 536
4651 482 562
1830 7295 401
11630 4287 221
2967 7085 375
2237 9193 135
289 6047 289
4878 7030 927
9411 6636 754
2483 12456 198
11016 6287 751
11173 7071 421
4624 9523 741
3804 9002 647
8658 1137 815
4826 5043 886
9257 6893 634
9185 5278 804
524 11192 384
10101 12383 455
2165 6532 811
10595 3673 539
9080 3865 705
1078 9745 897
5713 10208 608
12138 6693 957
9830 10386 899
9472 3122 105
8153 11134 324
5618 1575 25
3821 6076 513
1110 1886 515
8787 7184 871
8617 4454 197
5822 2333 856
470 3406 537
1395 2193 276
4415 3995 289
5763 8926 37
4037 2296 465
1658 9551 773
4296 5524 28
8428 9755 822
9147 4531 345
4103 7800 388
5221 4916 320
2875 2753 314
11985 8603 571
8855 5176 158
2783 5584 483
4471 6045 443
2293 5274 724
2020 6935 592
6806 1600 735
2910 4847 702
8858 10717 309
8640 88 173
909 8035 182
5373 3774 974
4916 9553 198
4080 8907 441
1304 5210 788
11916 3414 357
10137 2687 993
6588 7764 159
4041 1531 561
5621 9251 50
2164 2366 354
4745 4331 321
9174 7218 794
4792 3476 332
4215 1004 542
9644 1912 954
622 6527 544
3439 6411 283
11037 8234 322
8753 1051 252
7698 3369 2
1336 2163 491
1655 5138 154
10323 987 33
7272 7877 768
10563 398 33
10462 6342 246
2982 9538 246
9115 2986 909
4822 11984 186
9363 10111 125
670 12044 206
11202 11821 98
240 11394 924
2048 6254 739
5938 6566 565
11928 5076 816
2892 12497 297
9133 11061 222
9190 8171 200
9754 10695 926
8444 666 148
6316 4725 120
4788 8540 244
2722 8959 524
10203 665 34
5296 1558 593
936 604 821
4109 10598 246
10990 8765 159
6355 11654 951
5818 10374 747
19 3966 295
3339 4736 744
1335 8503 396
9991 1558 541
6699 2049 220
4899 4030 526
1313 6101 636
976 2124 935
7828 4702 236
5301 4210 312
3592 7485 713
11244 9695 557
6618 4151 400
8593 5765 965
11130 95 943
4845 8407 645
11286 579 308
7791 9905 790
2866 3119 376
5857 5144 531
6220 4632 585
43 5533 501
2906 6155 823
7036 6143 365
12346 4944 919
7112 12295 394
7517 4857 337
5984 3866 145
8576 9705 170
3072 296 123
6021 3200 857
728 12069 396
11798 11251 670
11154 7935 384
1691 4016 81
10842 6724 167
10959 8520 978
8179 4496 401
6214 2670 139
6838 10011 884
11783 9587 487
6305 1940 701
2071 9061 744
138 10061 584
12092 11805 471
8818 405 594
3567 7191 0
6344 1875 7
2553 7641 218
3017 9898 249
9109 8875 300
1694 12345 489
11444 11720 109
2498 3396 103
2863 11777 188
2563 2336 276
1807 12216 779
11462 3682 2
526 4751 868
10813 8432 483
7716 11322 817
9302 1825 171
10247 6701 580
4985 9295 11
11021 7203 605
8350 1275 122
12411 7318 171
10307 5824 217
2843 22 21
5488 10078 500
3381 11869 299
2127 3833 387
2896 11451 788
3120 3092 114
6987 8833 491
11950 8296 492
9656 5772 189
10273 5642 168
3755 10110 897
7356 1630 119
11798 12223 424
6797 12277 921
10450 1497 373
6895 3473 389
150 8519 978
11671 5053 116
10544 6621 699
6330 12128 859
1132 4997 408
6748 3426 161
8926 9649 595
3417 1206 230
2727 2086 841
9647 1508 105
2829 6805 82
5220 3663 752
5526 5231 989
5889 9166 657
8804 5600 843
3073 8702 781
7078 9229 431
12479 1930 604
4257 11396 907
1066 1389 642
7538 315 460
2429 6583 757
9113 9766 971
7 1826 392
8685 2274 420
8602 8640 593
10382 1396 244
2587 4250 574
3761 9864 53
2313 2408 610
8373 9685 789
11654 1171 234
4144 4210 803
9843 506 382
6872 5564 812
7844 6546 579
5570 2816 822
6047 10034 880
3135 1294 838
11535 1537 148
7112 3310 783
733 11906 812
11105 9105 608
10659 3834 765
8668 9444 139
10658 11661 72
3515 6047 801
6430 2487 662
10508 511 144
4350 12017 867
4615 56 593
8670 10013 781
10948 7617 287
5213 604 733
10823 1006 959
656 1741 415
10423 7011 132
11675 172 273
5208 12404 135
178 6828 906
5628 1423 968
6414 7833 706
9991 5827 298
12071 9023 885
479 10299 454
4839 9474 954
1294 4973 705
4588 1281 978
2057 5576 921
690 2063 619
8312 7436 103
10707 10205 645
12170 6508 771
7586 10812 0
9016 2800 981
6366 10280 694
7830 1242 411
7096 3796 222
9063 10157 800
457 8076 697
777 3966 376
9828 1269 817
5556 5159 420
10817 1479 54
3857 9726 18
8059 5523 744
12240 10212 730
5801 2862 911
3332 2005 342
3279 3481 932
2344 11194 354
9818 799 796
4939 1439 61
1693 3980 508
4407 7832 649
557 11766 151
1374 10543 368
10761 6840 80
9014 5904 785
554 5327 642
5262 1165 830
1197 7043 967
1837 12380 339
7070 3329 607
716 9124 313
12048 9695 998
1783 5118 680
2151 10029 466
4707 1579 326
8622 9448 646
9079 6342 681
9913 12123 496
5985 8737 797
4228 8951 869
11998 1996 222
8071 141 417
6017 8104 459
6010 12454 668
7799 3388 298
5440 6795 452
11301 475 326
10817 7671 312
7522 5793 277
479 3312 301
6310 666 266
5953 6938 594
11988 1564 778
974 1446 28
5966 10346 658
8363 3643 179
7492 2564 901
8388 9880 487
3576 11826 527
10708 3981 651
2206 6404 452
10674 4249 469
832 4393 597
4112 2119 338
9607 7593 63
1450 9976 492
9960 11202 98
11485 3663 788
551 1984 680
6371 1756 465
7555 2568 206
1407 10018 763
1078 5781 794
1673 10044 501
1402 6605 436
12170 2394 651
4659 9393 781
768 2092 709
10119 4318 404
10967 1852 276
8958 3049 196
2863 7937 319
3743 469 361
2433 9874 194
10774 3706 426
7669 9796 414
1623 10215 347
8062 5550 773
5753 3908 948
3782 12059 447
6412 10243 969
2039 821 786
1057 6219 201
8474 1834 162
6774 7670 573
3508 7018 596
11011 4098 722
5000 4974 570
7836 1208 37
2939 10553 177
1060 5556 958
447 5552 129
8190 3635 761
3260 6929 940
3597 10261 698
181 346 597
4386 874 0
848 5052 440
4317 11685 910
10549 5665 338
8851 7064 554
2077 6542 769
7381 4728 386
3752 7095 403
3751 11358 157
2382 3951 430
709 8570 677
6588 8204 913
9793 432 485
11770 1259 658
5749 4931 757
3849 2096 355
9505 4516 671
3627 8418 488
6305 8549 913
3501 10068 589
3364 7801 296
6081 5306 307
10401 10205 720
380 4757 607
2667 10126 795
3657 4597 497
2108 8913 622
5315 10904 421
1251 12051 290
6049 3793 815
7490 4452 378
8843 2027 326
9075 9966 0
6954 1857 143
4809 2919 654
3180 10399 424
8681 7414 103
11863 5128 133
1704 91 954
4280 9972 227
7972 7522 814
9405 6972 264
7751 380 160
11127 5901 556
4644 9528 806
11939 11324 39
1400 10596 45
4384 8887 254
6589 416 161
312 4102 1
10225 185 154
7573 6557 288
3094 2526 671
6383 7564 615
11094 10363 675
9511 11787 429
1766 7100 590
4085 720 938
1330 7494 408
7924 905 263
6908 6356 369
5438 4299 942
2988 11907 640
10408 532 492
9538 4576 639
351 6910 661
11546 10823 434
11406 10696 93
2929 1122 352
326 421 303
9722 7937 574
2196 11959 49
10620 10509 447
5418 10053 494
5869 8883 975
3081 1199 95
6246 7478 564
6758 3972 772
11848 1841 766
593 8582 59
8196 10194 273
1176 1907 703
9143 5295 171
7049 6046 864
6502 11129 536
9118 11645 593
5135 10189 923
1455 11123 326
1897 4892 123
12346 2104 729
11605 11562 602
11774 11131 946
7131 9580 384
6590 2573 884
4390 6322 25
11326 4171 50
5456 6991 688
5647 9422 537
6634 219 591
2056 965 943
9174 8290 593
5151 3441 761
3805 6853 690
2104 4793 391
10379 996 931
4613 6541 913
6769 6723 457
10235 5821 213
2972 6385 619
10285 3658 974
1344 8893 75
7481 6370 945
2059 2673 839
5071 10114 652
4057 11820 429
2142 1136 73
4546 7885 123
10879 2405 561
1121 2082 955
6652 6743 150
2603 1930 66
1708 6166 454
2723 882 436
9941 6555 877
8567 8609 287
5223 2785 215
10065 8141 927
6098 9719 107
11961 4951 665
1936 7436 210
8461 11855 869
3829 2956 139
1232 6323 649
1676 10244 320
8982 540 649
10807 4347 522
7222 1021 58
7516 6602 781
2252 8041 646
775 1136 582
5130 4477 551
51 3729 279
10658 11587 980
2559 9201 266
6282 3193 177
789 10185 764
4814 9708 761
273 5819 551
10403 4334 629
2751 5 538
6651 1427 395
8058 1296 6
3055 7215 39
2090 11257 970
4968 7587 977
9884 11001 642
5015 8994 382
3444 5414 518
5454 9516 349
5621 2473 43
337 5302 762
5747 2955 75
6247 344 734
2984 10297 465
980 10393 541
12240 5276 653
1714 9050 88
7705 11308 894
9740 4727 979
5831 7683 846
9680 5514 988
10717 3663 509
4408 7877 923
4396 8272 778
3459 9311 824
6546 1097 828
590 1072 669
7377 5223 632
1038 11226 41
1890 3072 790
5623 11643 645
4025 7080 553
9037 4475 634
4342 4551 372
10333 7461 351
3342 1398 586
11525 8192 210
6183 4235 754
8553 7800 134
5221 7922 445
2784 7914 386
10700 9435 537
4162 6481 689
7488 9790 494
5026 5422 308
3902 733 345
7815 11096 259
8513 10856 208
10911 986 857
2156 515 3
2738 8487 300
4487 8607 591
6998 9418 704
2165 2567 175
2364 5863 382
948 8608 309
9586 12037 886
10708 12434 868
6821 3920 55
8455 4907 327
10513 4471 156
8155 12358 341
9874 11245 74
11063 10961 293
5946 5555 112
6784 8340 663
1588 6866 445
4747 5355 457
7096 10966 114
1489 11620 21
1272 9248 283
3918 11315 309
9334 5267 696
1691 290 776
10665 12368 30
3222 12214 139
3577 6031 288
5546 6880 126
5421 10812 23
6952 1343 296
7315 9582 277
5351 9544 592
7343 7848 246
4881 7825 917
3738 1935 713
2896 11649 889
10448 7983 781
6367 3002 689
5851 10223 878
103 9301 253
11510 9644 89
617 11590 146
8323 6615 396
10951 12480 721
7558 3105 193
8964 8151 599
8300 999 529
1140 4917 718
2497 12438 752
5529 6020 158
6948 5089 76
8654 937 986
8256 3288 278
4035 3196 854
7284 11613 683
426 872 96
9539 7029 543
4012 1704 653
2943 839 499
7418 5553 861
10677 5270 956
3751 9635 727
3828 5984 173
5344 2877 282
10013 7195 573
1357 6362 436
1667 4425 993
11423 7613 26
2894 5032 630
7129 4956 932
498 7748 32
4247 8795 87
4884 2742 783
5316 2288 29
2184 6744 158
6768 8475 520
9839 4078 864
10026 901 93
6026 210 197
5851 6115 486
2136 9064 811
2887 962 932
6609 3922 847
539 2694 117
10931 2852 394
5113 9979 792
9317 6519 580
11658 1132 516
6324 237 653
8591 10369 680
11515 9637 940
2033 10538 900
8990 7310 450
6956 9279 364
11329 12209 374
11346 6189 930
785 10064 278
3311 8103 551
5224 2271 856
5868 1903 107
12398 6027 702
3677 6191 190
3472 6647 343
2827 3134 699
2313 6621 287
4156 11685 802
3754 1705 92
7464 3713 554
4976 11391 741
4571 11161 714
11986 10467 756
10644 9903 342
3579 7155 541
10658 6613 651
10276 12088 77
7964 8408 689
9646 3047 690
11557 342 103
2030 11866 631
9868 4075 551
4289 2353 687
1812 6505 669
11095 11035 91
6457 11367 366
2878 924 127
11694 8549 9
7331 8262 756
8625 10828 939
6343 7722 288
996 6856 725
5956 9353 853
8053 4828 657
12172 8262 337
9390 2274 628
8537 1623 587
586 7947 918
7489 10691 47
3980 1443 76
5852 5234 303
2228 7106 24
4294 7828 22
12109 2304 337
3493 4705 888
11148 10209 588
5866 8880 363
9415 1162 564
6994 3494 761
10854 1126 339
3393 959 5
2158 7257 570
555 7412 130
12349 8435 887
11407 1268 107
11086 336 350
9084 3710 437
566 5494 355
10159 6730 390
1771 11929 750
4377 512 995
10457 9147 7
7467 9513 686
12488 10472 134
3969 10501 296
8996 9099 59
7590 10955 424
9233 2413 397
10709 9708 159
6160 5039 765
1167 8106 272
5039 11762 650
2564 7131 492
9002 12337 671
10902 1775 254
11711 1926 736
8013 11080 323
11293 3430 150
8039 2532 309
5338 2528 459
5551 8868 270
10342 11647 411
9343 7790 172
6220 7101 282
12250 2374 127
9476 9440 579
3203 8665 694
2955 10093 610
9036 6522 790
238 7723 114
7830 3656 276
4640 2658 329
537 12208 107
5583 4937 592
8960 915 286
3578 10325 36
1201 4680 594
10724 1875 776
3260 7644 296
11562 11242 81
8224 11133 637
5923 3455 324
3442 11457 913
8262 5400 542
5998 5626 258
8750 4329 262
7805 268 540
7632 11353 114
4969 3740 583
2790 12029 86
4736 7246 312
162 5919 940
10313 594 82
5345 2689 187
11286 8148 308
6409 11984 303
1520 5440 952
12004 11272 299
703 726 73
2067 9718 613
7015 8963 10
3398 4318 378
634 1336 501
8981 6732 240
12004 10283 763
8369 1411 997
12496 7800 973
10408 790 987
2054 1805 658
10996 745 477
10624 5468 477
9309 12292 402
10791 8499 401
2213 1315 337
5798 4327 55
7273 2817 328
4134 6209 870
6207 12070 667
7102 6728 233
1465 3555 509
3528 6277 769
3966 6205 65
9444 7706 946
9820 12006 822
1040 12180 259
8528 9175 594
10419 69 72
6254 4546 189
5090 10719 732
7628 5041 468
1511 3852 991
8452 463 896
9554 5628 17
12042 10432 756
2012 9197 505
7023 10604 758
6224 430 261
11399 2696 551
5762 3626 908
289 4521 335
11344 11806 192
8888 11598 918
5505 12464 449
692 5442 290
3863 2720 138
12066 11552 482
12207 8487 599
5270 7738 982
8754 4161 976
1365 194 889
9544 5458 513
6919 4363 780
11315 8881 965
11895 4976 516
7028 618 756
11239 11790 535
8141 6371 804
11075 526 257
12478 12222 65
91 1180 479
10749 4451 837
6092 2341 324
11809 2866 372
9377 9802 66
7024 4335 84
6203 4046 852
256 4219 95
4879 11014 425
669 10733 15
5425 596 446
7353 9971 337
5999 4492 233
5758 417 941
4606 12200 420
5852 3973 89
10723 2917 193
11233 4234 371
3636 11596 376
1810 7591 863
1549 5009 126
1247 10474 899
10702 6620 588
56 8627 172
2634 9104 558
9312 8289 979
11880 9297 460
6107 519 972
7599 9051 963
2426 9340 758
845 9355 433
7342 11063 802
4736 9457 267
9002 320 665
2035 628 954
5799 11492 589
7084 10265 509
7589 3092 89
4714 10528 495
10190 9018 134
273 4855 951
3638 12352 564
248 10211 935
10043 5245 681
3977 4340 483
10902 11962 801
203 11522 260
5858 415 54
7174 8858 293
345 5889 196
6131 1530 279
986 1948 350
1807 8824 285
5960 2437 919
10868 6591 734
6733 5149 330
7795 1170 151
11721 2489 141
3135 5208 464
11199 7943 544
10416 3489 774
2565 5615 375
6284 6217 465
2047 12056 597
7810 599 708
237 4645 550
10349 2774 70
681 10333 807
5076 4055 381
113 9023 161
8344 5011 752
6989 5783 313
3022 7009 438
4009 9922 562
10801 7958 320
9777 5500 880
2498 3704 978
4917 7665 655
1831 10771 735
2859 6519 753
9596 11743 550
10125 3023 455
10508 436 735
12124 152 21
1180 7034 489
432 5331 226
10384 8654 735
10025 1092 198
2559 4413 37
5586 3288 106
12344 4473 899
9705 10000 986
9518 4838 773
6 8541 342
4705 5753 409
3412 4763 976
5237 1692 913
4723 11935 114
4165 2316 685
2896 8985 279
9486 5172 361
2059 12002 459
33 1051 76
9821 10851 780
10724 4792 430
6596 6390 982
11297 189 396
5361 8635 718
6605 12021 125
2760 5390 702
8691 12272 660
6222 5192 7
8391 12306 633
2018 365 743
8073 10561 291
7945 6738 525
4974 8144 37
4017 9999 272
1664 3815 657
3319 6784 728
4177 8698 973
8152 9354 939
5103 8287 196
11905 4219 571
9219 2350 730
4566 638 369
7402 7201 8
5414 9905 483
11459 5279 522
4707 4882 983
1370 9679 241
1028 9645 509
6496 3581 7
10009 473 416
8712 1180 345
1452 5039 264
9578 6164 889
4979 3972 730
9832 4793 872
8284 4261 430
10854 2038 141
2784 10011 514
8749 12034 200
9795 10701 292
5084 2826 228
12232 11824 578
6561 4655 317
6636 922 291
9181 5151 850
10792 10829 971
11746 10286 366
7759 1357 556
5865 7940 470
11092 5568 885
9114 8499 632
7618 7720 477
4923 2844 639
2313 5612 445
10085 6919 515
1313 291 595
762 3472 536
5445 8688 246
9153 1194 243
5254 5913 681
1235 4163 767
10282 8891 324
7605 10326 450
5905 7661 403
9486 11059 201
777 4298 285
9681 10908 137
8530 6537 658
10188 431 269
2153 11621 169
5322 5219 345
2738 5723 550
10073 5972 921
6963 9996 768
11821 12161 846
6987 6188 292
1135 2851 663
8683 11651 761
7899 5445 59
1861 10411 48
10502 7451 504
2554 3711 135
12144 9526 128
2641 5412 950
4854 9246 871
1117 2839 204
10298 9482 875
7997 10922 149
661 6639 60
3701 8760 992
585 2298 398
9635 2275 75
147 3031 933
12251 5627 169
11452 7355 43
2601 8732 774
10905 3285 570
6288 3648 211
6112 7232 217
1154 3200 120
4573 3785 282
4632 5165 345
6858 8293 598
7308 9422 467
727 1023 917
3600 4517 590
10917 3082 256
12437 5522 871
6208 4145 25
8374 12400 706
3977 11879 287
2659 7025 138
10868 657 894
8667 11670 592
2269 3036 33
7519 2153 232
7743 10078 79
9692 5141 996
9722 11769 108
11154 9192 351
11907 10481 475
6248 7199 833
6535 1295 130
7507 8817 967
7890 10807 256
2149 10290 746
10934 7084 659
10146 944 446
4094 11824 255
3212 7078 699
12464 2433 314
6945 7278 138
2038 5972 534
4165 10813 575
7899 12005 142
10750 8131 162
2493 6836 391
4336 5239 353
2440 8170 731
5836 2832 201
429 4214 496
8092 5661 574
7255 5688 853
9351 9616 723
8976 10354 603
7508 5089 921
7155 10094 375
2060 6062 823
4221 2759 699
11198 4995 584
6601 6291 317
5436 8835 983
6802 6768 303
11153 5053 764
4565 2444 168
9581 10628 557
9382 11118 472
6588 1285 834
10806 11363 175
3861 11487 477
9663 11036 499
2837 10957 218
8498 5069 963
4944 1348 338
10475 10428 424
5111 8329 545
2238 8603 232
3067 6359 483
723 1293 376
8731 734 575
95 12215 774
10290 7252 224
1282 4686 765
1688 1676 85
133 1144 126
7086 7327 753
2275 8937 476
1211 261 46
1669 3963 997
12431 10543 143
8295 3417 338
11254 620 186
10818 755 729
1689 9060 629
3688 9195 959
9711 3670 144
2710 9157 368
6563 542 482
10209 11376 459
4041 2339 107
3194 8712 175
9476 9473 716
5768 11434 817
7311 308 122
11611 6676 646
6336 9686 258
5701 5233 463
11973 11928 68
5940 7123 148
751 6018 272
8280 706 403
4188 9534 866
1096 1990 817
5516 322 406
7508 8814 480
4694 8852 365
6611 1140 879
6058 5364 338
1703 10541 866
810 8572 0
8716 8749 247
11473 10179 1
8039 2770 739
2220 4819 897
3263 11865 279
656 2481 499
5358 11256 148
10204 9172 476
1576 2273 278
7145 123 745
1596 7699 900
8194 4005 920
114 3700 695
9227 6299 985
3256 10890 711
12412 8400 588
8078 2970 280
913 4184 191
1764 7537 690
1123 6223 419
12000 713 812
10866 12222 686
6506 8187 308
424 919 927
183 3808 88
5190 4991 848
6834 2822 296
10878 11966 808
3602 7654 21
9071 1742 65
6139 11942 824
9767 8295 732
3214 6190 744
7722 4751 166
8181 5547 59
5857 10788 458
7510 3838 515
4474 10083 344
1595 3907 338
9296 1474 911
6688 11682 978
11540 11596 926
4336 9368 42
1990 3671 766
9170 5637 32
5537 2815 847
3322 7244 987
9248 2570 5
8733 10093 28
8911 7706 219
877 7519 776
4078 8807 490
2531 7826 314
230 1045 145
2661 11378 148
6119 9817 581
3656 3382 860
7733 12040 890
11058 2682 238
7474 6083 498
666 10789 523
345 1355 161
4789 1739 428
7053 8743 766
999 7029 367
11486 3867 75
8030 4386 157
6813 10146 456
8253 2578 930
11630 1119 637
9658 9788 182
8115 3934 714
10702 327 242
7025 8381 469
8101 11003 305
4189 9584 783
4850 3507 804
2173 11786 865
6152 4731 624
11283 9694 710
5988 4768 631
5441 8609 158
8752 5253 880
4540 1836 761
3801 5508 722
11260 1900 880
1904 10410 661
906 8223 460
6547 11274 245
5529 5528 424
3046 7918 920
6242 6186 893
10505 10757 147
3132 116 488
11372 6532 931
9580 5034 786
12040 8508 23
8518 2303 862
11529 3211 55
4966 8868 238
9649 10879 594
529 3613 205
8444 899 759
6454 8619 679
6178 11827 649
4541 2502 66
9253 10381 817
8407 2470 815
8257 10453 751
1849 2603 238
2110 10473 531
3664 10224 777
5435 6331 465
3465 11226 502
10656 3572 305
6828 10436 829
12170 8888 892
1545 11119 667
9548 256 736
7061 8974 167
10077 7579 474
6099 8427 949
8302 372 227
3544 10813 247
6417 2600 90
11740 12258 174
11666 7286 536
9031 6383 210
4544 3089 623
11001 4564 42
2390 7454 498
7667 3176 340
11671 9222 402
12218 8250 76
5007 2248 386
1311 9248 38
6057 12256 509
6341 4089 672
7105 10150 773
3371 52 218
87 10722 431
438 5611 529
5362 5669 373
3455 7632 19
6938 650 975
2247 78 448
7431 1953 430
7543 4016 885
5877 2987 826
6397 946 13
7314 6501 247
4213 6324 114
3948 6216 580
9641 6869 995
12095 368 732
6016 1277 259
11769 11403 157
11923 9553 183
12386 332 519
3027 5220 40
3503 11184 760
5735 5105 981
7092 3639 306
3973 8085 585
7255 3704 342
5380 598 388
10608 11791 211
7585 4314 859
12233 2264 316
1634 4588 674
6936 6158 602
1528 11787 256
3935 11157 703
7694 7386 291
1210 3689 145
4736 3093 732
154 1648 861
10192 4039 136
11631 6980 94
11210 545 814
7512 4322 361
9936 5920 547
8164 7207 249
8033 1829 365
1938 5413 273
9411 9274 128
10717 11516 487
11510 4208 648
468 1664 335
49 2106 919
7203 9547 304
11532 1659 426
10897 5262 355
4925 10240 854
11132 6337 316
5971 6243 407
3439 11706 905
8475 10306 764
6550 4233 863
10635 451 224
2608 4126 686
6755 7602 28
1337 9136 758
67 12184 868
3000 6225 637
3441 11581 83
1234 4170 930
3105 849 620
3960 316 577
413 7531 779
1717 3937 657
9346 9982 87
2138 4540 645
10792 2126 741
4232 3943 506
10799 9895 170
775 10662 829
6973 5352 399
9981 6935 895
7856 4353 182
6161 6991 558
6435 2010 978
5800 3054 801
10987 2868 299
3848 8100 588
12355 5045 786
6717 2253 759
5526 1822 830
7256 372 247
10273 11931 436
2476 7267 50
7712 3470 969
2285 4129 315
11937 3455 490
1188 8104 139
7552 6112 248
11990 1056 973
3838 11624 687
11917 6009 859
457 4586 665
9886 11542 77
6569 7313 235
1657 4910 367
5318 7694 272
9402 7493 160
8419 12000 384
3953 1408 306
1842 5341 133
3401 9116 224
1397 152 857
2653 7591 339
6374 5210 72
5964 3806 825
1908 2867 599
3831 8062 778
9257 5319 676
1491 5964 270
8190 6764 715
6483 3026 970
8649 8116 276
7705 6116 207
499 3452 402
10243 8824 35
1831 10958 677
4318 7791 722
531 3497 645
12391 8525 611
10898 2820 886
284 6221 999
8613 6339 676
8698 4273 294
6672 8132 646
2016 2071 258
9039 66 714
8505 6970 380
5718 10166 921
2474 11307 194
6654 6856 653
37 4065 903
410 1943 2
12088 4325 855
10773 10957 197
3494 1946 889
12224 6610 957
10775 4296 592
6665 6830 150
2344 2722 970
11254 4347 974
279 10899 200
4652 2901 488
409 336 231
12479 10376 212
8406 7645 257
5577 11221 177
5237 7308 208
11895 4584 815
11729 7353 351
9504 9312 45
1679 5368 609
6428 8961 631
881 1098 620
8097 10371 121
273 1323 621
6554 374 852
7939 9046 815
3618 4574 936
3385 4392 784
8543 6506 996
1688 2490 16
10793 10234 231
1377 1713 865
9908 4450 273
851 7179 581
8504 7741 490
3724 5245 832
1739 4024 427
2941 2505 944
10828 10900 87
6111 4579 675
8146 105 398
4038 1572 302
9778 3331 579
1213 481 478
1365 5097 170
6498 8116 240
3669 5049 223
8127 5518 971
2869 3618 365
2668 7634 847
6098 2759 267
4268 11719 10
3614 10598 646
605 201 264
6913 3394 533
12019 777 692
10026 11573 932
10962 9458 770
11988 2963 136
5512 10521 580
4422 3505 765
5451 3495 700
11982 9942 980
4766 6538 516
8665 7702 758
1308 9304 763
5055 6140 557
9363 6477 252
8782 7888 731
6674 9279 966
5070 10418 446
3038 6056 718
7233 3577 180
6611 4216 403
927 4506 769
5162 145 134
4123 12173 865
4575 12129 556
8006 10830 558
11005 4484 223
1337 8990 460
7701 10958 882
11889 360 284
4760 9101 741
6407 7574 650
11424 10623 802
284 3830 883
2217 4022 528
5179 7291 552
7523 6582 411
4397 9672 434
1775 7591 879
3011 10592 422
11709 7921 657
3923 4559 10
10404 8878 807
92 1043 909
7214 1806 18
12306 9013 357
12158 5311 720
2467 11280 504
11429 2642 148
10523 1134 596
4983 2471 494
1144 9784 110
6052 2828 974
6770 3744 974
9117 6542 369
11530 6048 791
10453 12162 360
814 7224 939
4633 6940 794
9735 2789 903
368 7594 545
2685 9507 608
5088 9094 770
2858 7436 342
4948 9447 15
5506 6608 580
4033 1255 591
4086 1681 928
8563 9810 769
8124 1308 452
1508 4240 804
4598 11749 657
38 8463 49
10066 5347 385
4012 264 958
10391 2139 681
1916 6110 51
10584 11190 322
3675 12130 438
12487 10913 746
2603 4729 645
2614 406 465
1923 8065 61
3928 6175 364
5479 3591 801
100 7197 461
5985 6892 54
7647 391 301
7014 7241 750
6711 2871 482
85 12483 487
4275 6654 753
2831 3225 507
3097 1553 355
11713 10943 782
3198 11495 422
6791 861 470
9077 6916 693
12434 7420 315
9768 4795 882
4718 11451 866
11524 12378 251
2989 2853 25
8820 2979 47
10870 1111 273
3778 6083 515
839 8312 227
5138 6288 802
4951 5970 867
8137 12442 174
11206 2469 291
10873 8072 586
12028 11531 528
9991 5545 823
7108 5456 332
3045 2598 952
3529 9420 602
10095 7769 153
4299 9864 790
2154 4931 926
657 9994 734
2950 11163 335
2899 2554 713
10203 2258 197
6055 5487 818
2942 6643 742
11267 9510 2
5885 1247 912
11525 4027 603
461 10934 356
2256 936 473
10538 9444 187
5416 8710 73
11198 8119 707
40 9669 535
3189 4982 938
10789 3668 597
12212 7111 252
11183 2741 924
2093 10990 915
8089 11284 855
4012 5328 885
9361 6328 509
7790 77 890
1780 11061 46
5986 9347 81
9400 659 596
10415 4550 107
11652 964 123
8788 10254 65
1995 2903 489
603 10523 967
4188 549 781
4553 912 411
11462 1798 182
9105 1657 963
1249 7323 504
1635 4064 400
4186 1974 159
5583 8441 629
4778 2579 51
3093 777 227
11951 2194 495
10684 3212 361
11987 6658 182
9001 2160 796
5847 591 935
4169 1967 252
4487 1560 486
8622 8737 956
10331 9467 501
12105 12062 212
937 4263 281
4580 11980 45
6140 10406 427
9993 8114 678
4240 2753 909
7858 3898 179
1657 554 743
3983 5095 12
1930 10733 470
775 11750 100
11084 3661 75
2659 8077 645
8377 5871 539
8738 4845 746
4325 7165 515
3105 986 81
6021 2413 95
10245 2586 261
2927 1573 323
11092 11071 512
12104 11437 358
7072 8706 131
1884 2326 214
1689 8865 68
9747 5671 466
6600 242 615
8756 10555 45
742 456 139
6221 10907 857
4022 8708 658
3404 4297 346
9892 5427 715
10974 4141 917
132 6797 475
4120 5751 438
3703 4946 498
5593 3312 192
10428 4585 390
10967 8078 775
3209 11346 615
6157 10994 144
11144 2518 810
4047 1308 994
3775 6015 796
2113 2523 337
6624 11787 769
265 9445 757
3025 7392 158
2132 6129 972
11990 7952 932
7659 5038 122
8229 4086 701
12263 11736 41
7030 10687 243
5331 4074 597
5740 9207 615
10882 11946 112
379 11457 952
11234 2125 884
12301 7602 511
8324 3960 239
10708 11663 408
7009 10999 797
10425 8349 166
3590 9427 219
11148 1160 204
1824 9729 30
4399 3486 170
9811 11384 33
6093 2031 454
1728 1152 306
10917 4764 393
4551 4474 6
4947 6946 80
366 8314 619
7684 8278 136
5257 4453 386
12351 11652 359
7187 233 131
9370 10039 975
1923 907 137
3007 9125 218
2388 271 598
9876 5010 803
7054 5027 846
3177 9510 294
3091 6915 841
3347 522 605
7531 8385 78
10254 5139 770
967 2664 791
1145 11134 579
10108 5263 974
985 1805 390
10820 3929 956
2315 5640 970
1359 2267 548
4098 4200 813
5814 7787 91
6048 2161 283
5038 2739 870
1985 10214 594
11971 2185 319
6584 5488 98
7197 10038 398
7429 425 118
4634 713 298
9059 151 886
12125 164 127
1629 590 899
11345 10576 156
8397 6184 721
4761 6960 53
6103 971 876
10714 487 145
7799 1699 114
3009 5435 770
4521 2299 788
6286 10727 429
7267 877 991
5656 5939 770
12289 742 527
11916 6875 300
8624 6970 852
5505 7131 194
7462 7670 536
2399 6979 135
3002 5417 88
8448 11131 785
1372 1678 365
7535 3483 627
7544 9139 990
12411 974 179
10908 10525 481
8299 49 689
2542 7887 935
2154 11314 95
10706 10965 49
3711 9418 372
7087 523 338
9444 9970 167
6340 10917 949
7430 4237 122
7926 89 993
4421 7100 977
639 10556 880
1657 12015 349
1865 10340 4
11109 6177 680
7610 8139 158
11863 4438 0
1058 7998 331
4102 2829 570
4317 797 16
9391 1847 326
8326 10244 540
3792 7025 739
12085 2317 828
291 407 513
3748 266 331
3603 5632 211
2128 3142 617
9914 6127 123
11496 11821 112
779 6273 139
3137 7934 205
6559 9929 915
6247 2949 279
135 995 950
6522 221 959
9025 12152 660
5788 1022 802
5711 1727 514
10711 6219 302
192 10142 473
308 6227 30
7803 7561 366
3383 6692 280
5107 12456 299
6540 8505 323
1905 3125 702
3624 7409 602
11841 7497 577
6511 11082 115
6213 288 678
1173 10990 846
10934 10548 606
11102 5029 781
3374 2246 820
9699 7179 660
7211 8773 751
3237 1387 21
6374 1867 380
1732 495 637
3659 9968 225
11109 1331 622
7227 3038 995
2283 1853 66
1215 9349 629
11166 10302 132
3131 6251 288
10260 7641 680
4963 9490 668
1982 6325 529
7888 6113 588
9655 1037 315
191 7217 913
381 7768 489
2599 4406 161
7767 4507 490
10628 5130 63
8243 11209 827
11586 2780 389
2865 10829 653
7815 12400 589
6906 7864 358
8682 392 295
2660 3597 795
3098 10787 533
4521 11625 963
5597 2675 539
2634 11994 484
6615 11702 656
6866 10972 741
5211 683 75
4887 4160 715
5144 2394 385
9500 2457 749
11909 6868 469
5021 10934 827
10950 5837 187
8295 11562 957
10179 3154 726
2671 7547 957
687 9349 91
1631 5164 402
856 5386 718
5159 12104 596
10304 7983 365
2011 6779 695
5197 9230 600
1548 8534 600
10676 4784 974
9586 8317 794
470 6593 253
7999 2689 14
6793 1594 308
7614 7390 434
11064 10335 758
6364 11931 836
6194 10922 303
11819 9824 513
6362 8471 630
4486 2414 419
6919 7522 950
679 340 467
7200 9369 28
7985 726 579
8700 7675 447
5571 7662 430
8480 6163 506
1789 7163 143
12249 9437 457
4057 1449 392
4567 3471 483
8864 10050 88
6819 1260 981
11617 10349 832
1558 451 734
7499 1388 130
9921 2382 340
1700 9041 276
9660 11030 185
6925 5419 873
1003 7361 741
7772 6785 336
4230 5867 279
7373 3083 614
3250 6218 81
11658 3373 966
2828 10971 767
7477 3701 864
4467 1036 689
10976 1711 884
5760 8600 452
4491 7125 141
12390 5023 142
7467 6145 194
6084 425 277
2468 8000 993
2529 2897 904
11028 8659 817
2020 5350 833
5683 4858 944
11362 1774 960
1061 12123 2
11879 2412 999
841 510 980
9172 2944 87
1318 8734 146
11110 3262 898
8112 5300 375
363 3023 707
4643 7307 399
6912 4086 649
7378 4204 544
11612 1357 236
7470 7546 239
6088 11403 797
1503 7520 37
8641 421 605
2038 4032 999
5442 7240 947
4305 9028 795
5340 10259 365
2299 11769 617
8520 1060 748
9145 2314 326
1135 5296 74
10923 3396 983
723 8282 634
3068 1047 778
1080 8153 403
7627 130 491
1854 10471 222
3896 301 982
195 7282 609
11930 9977 944
3582 10325 995
142 3503 615
10648 8642 712
9092 6657 135
6866 1130 737
2001 3879 930
8478 7508 213
11978 4204 46
5277 3192 483
7281 4301 758
7796 11914 384
1227 9684 121
9871 6370 292
2725 9431 959
3994 4255 129
7332 2897 953
1950 8643 157
2575 6097 506
294 9350 313
1749 10154 834
12218 4084 138
4363 7641 374
6907 11573 723
6844 7591 710
7238 4371 788
1990 5313 607
10810 588 222
1642 6468 781
10502 8197 353
2646 12314 929
11427 1613 158
4469 4073 622
11855 5765 972
4722 10982 208
11964 2215 283
11020 353 331
9340 12325 832
3519 4436 275
2167 2838 158
3177 2880 753
3915 9252 966
10422 7855 621
3138 997 600
11004 3633 745
1800 310 667
7348 8006 463
8491 549 78
9877 3160 154
5779 9427 735
3457 4430 843
11970 12099 909
298 2037 463
1357 3285 913
3230 5947 818
9179 7611 246
2845 134 42
10380 9717 446
5057 10117 437
3963 6409 590
2329 8021 47
11685 6843 891
5863 2679 108
7238 8313 117
9195 3502 46
11520 6287 128
9111 7329 894
11607 5808 587
11068 11811 271
1765 8054 618
3474 1438 607
1585 6373 174
1542 8997 93
6218 12007 305
6054 5582 701
6116 4197 757
9686 4588 184
1591 12250 788
9504 6212 121
6297 12165 56
3166 2573 789
12229 3682 569
11720 4467 234
869 11082 73
5169 9776 168
11225 12167 638
9015 9171 570
11405 2615 926
10316 10664 464
2485 9676 238
2041 5006 160
33 3039 956
5698 3201 665
1126 4059 158
3197 10456 672
12468 112 467
2853 6839 945
9908 21 167
10738 2920 693
1918 488 727
10436 5737 436
11255 10369 170
9368 5267 689
9535 9187 196
10630 8770 364
8486 3851 354
5557 1784 452
788 7041 901
1340 5510 87
3704 2714 427
4556 715 300
9620 5204 244
4830 10003 950
6549 2680 937
8593 6253 166
6100 9066 69
7995 8438 544
3767 7951 122
811 8827 853
8408 5261 891
6508 9439 776
9513 2749 772
2599 10533 588
411 8231 348
2437 3508 776
2306 4664 459
8183 11493 161
952 2748 352
852 9724 629
3782 3097 818
10518 12276 477
4475 5457 893
6797 11358 113
9229 671 277
4475 47 366
2717 6621 704
3399 1825 448
10743 3812 363
296 8200 682
1341 5783 735
259 9154 989
7747 4434 57
4082 12059 400
8196 6809 314
5996 11766 212
10934 2650 840
11582 6847 996
6836 9312 731
4361 1701 791
213 8184 86
6473 7677 698
4096 7030 824
4224 5605 788
10978 12190 696
5354 7755 934
10733 12461 921
1032 11814 659
127 5166 586
9373 1515 419
5093 11572 123
1443 2581 539
10042 9970 833
7038 11108 759
1935 3534 646
8984 600 104
8075 8832 221
10613 1511 546
8158 733 453
876 3087 276
7911 458 790
4944 11520 613
12413 6203 116
12392 3836 242
6999 7280 846
7132 1404 639
12281 6820 817
6081 1547 984
899 4698 225
11007 10037 256
12049 5954 315
2118 5446 626
11976 8257 676
11552 3736 624
11347 12429 499
12401 10860 831
10888 10385 96
11364 8616 563
7905 3348 743
9339 6599 471
9977 10160 992
10348 9849 600
2802 8440 310
946 9120 963
841 9417 872
4727 4612 390
2885 11587 91
6075 10203 768
282 11699 701
8567 5496 459
7314 3653 328
7897 3064 522
4769 7244 761
1151 539 670
7185 6302 946
5497 3714 613
3278 6477 283
2275 9398 250
8538 11225 351
5498 10347 132
715 1558 955
4450 3556 935
6337 2750 61
6496 10661 336
9212 8350 128
6548 11282 485
3532 11412 582
468 4617 394
8880 3015 138
5973 9390 377
3732 770 248
9984 10807 2
5105 6489 247
1987 9400 129
7494 10060 998
5 6032 824
11196 12281 837
9584 5433 511
9723 1493 487
8068 8978 701
4787 3981 150
5195 9458 586
5108 3711 227
4132 4551 606
4690 10780 559
2129 2174 431
2991 2106 486
9433 4340 834
4612 6454 738
8654 3663 834
7635 1859 267
8124 8509 711
6780 8512 442
972 4002 23
10299 7151 592
8287 3371 547
2583 11346 424
11418 2566 535
1785 5705 615
5711 1138 538
12217 8568 156
3524 2627 995
7769 6957 444
9653 8279 398
11183 669 824
2361 1147 940
5829 5356 925
8522 10029 216
10086 2457 886
7181 3396 819
5584 9722 7
9175 2520 785
5467 5464 513
8965 2579 122
4599 8989 15
2914 3658 328
6530 10577 131
1636 3208 838
123 3415 184
2841 4053 282
7753 8160 2
7930 1269 132
4443 2121 886
6638 5979 818
4018 5859 142
367 10895 795
10854 11831 28
6018 3361 103
1166 10365 932
111 6925 184
4465 7047 390
2980 10945 622
6219 10983 347
575 5786 622
11814 2947 230
874 11745 564
386 3242 651
11658 6752 685
6723 7035 89
8315 5000 854
1328 2487 644
4536 11416 898
5163 7710 741
2818 3721 718
6132 4665 259
10397 1854 144
3763 5463 407
11777 6073 176
9957 12118 749
2450 10464 300
8754 457 226
9102 371 747
6730 6640 82
6329 5892 928
1920 11690 447
512 3474 420
199 2469 934
7182 2377 780
7236 10103 871
8552 5916 403
4647 6948 914
10200 10332 293
11469 2321 316
3390 9529 98
4145 8465 781
4870 5731 82
11755 6621 774
2956 9789 915
1975 10239 283
4076 3543 534
11050 4352 128
5322 8818 847
5590 674 324
4771 8081 779
11794 11666 167
8338 3020 847
10933 100 244
3696 10437 425
12250 9159 123
2004 10453 652
5779 10345 945
10311 4082 941
7710 12251 115
4096 5710 90
5612 6020 204
11392 981 644
9513 1463 621
9292 8161 426
7573 10799 151
4813 7305 183
1769 9661 412
3081 629 425
4068 6776 684
2166 9109 721
8239 9120 870
9704 8825 753
10710 10282 150
12357 9702 577
1443 5840 76
2778 4210 198
11182 1951 325
155 11656 645
12186 10212 368
1468 9315 934
1559 4157 301
3834 83 873
5666 6353 660
11230 2774 404
11634 7365 662
7713 5085 676
83 9091 23
6621 5483 390
10169 12305 656
9715 3655 492
6744 7349 148
11905 6772 527
3222 1251 37
10026 4280 942
6823 6665 757
7101 5178 967
7892 3081 513
1770 745 807
11603 1686 650
1670 3845 32
560 5563 853
8164 1625 387
1310 10689 187
6894 63 93
11114 7556 268
3813 3515 550
9144 3224 260
6420 4637 392
12097 2271 773
9771 6660 744
8649 3843 210
6655 4101 622
4422 6654 54
11130 4840 411
2130 5280 676
11484 4753 554
10795 9012 193
5265 3975 437
2854 1440 223
7582 8921 200
6491 2270 118
8658 3354 410
2160 1119 402
10508 1021 727
282 3059 666
8628 909 739
6681 262 687
5535 9007 633
350 1282 344
1904 8298 961
6137 10086 1
4830 4306 572
8540 11194 960
2338 10707 91
4790 7856 532
5178 10842 717
1200 3339 624
9296 8767 72
6192 4778 971
12083 6281 715
1773 10399 774
2464 12144 547
9150 10245 847
4524 10392 228
5108 5284 739
3459 377 715
9824 10265 228
9018 3919 971
3089 7067 289
7860 7568 424
8761 5647 935
1748 10357 515
7148 31 828
7252 4144 91
1302 11251 892
3416 7645 468
1196 6595 282
9306 9622 672
7543 2625 219
4434 2984 304
4783 3293 601
4453 857 713
646 7341 291
12396 100 68
6138 6533 800
1911 10502 443
536 12130 655
4241 6053 809
6632 3703 51
10711 4151 306
9148 5844 738
7509 6238 161
6091 3327 803
8110 6097 143
7130 2049 244
3936 7579 995
9399 2684 461
9157 1699 207
2396 3287 926
4932 9987 372
7607 10857 261
10062 2264 973
5488 4371 289
8516 2138 433
12154 192 703
7588 12141 313
4528 4121 547
1849 2540 444
8348 1937 820
10594 114 407
9644 10474 559
3350 9936 923
8456 10508 102
517 4623 322
2765 11070 900
9049 4949 266
7243 10821 35
5694 5448 592
5354 9953 42
1516 10805 174
11226 7715 281
8599 7633 172
1109 5826 4
1675 4256 683
9519 10160 248
8700 10779 421
2719 9666 486
10279 5560 360
7568 8098 509
4096 1105 650
9337 1829 393
12466 8942 84
5839 1358 197
6690 8890 263
1174 3397 226
7980 287 500
7356 1059 979
5721 9458 847
11536 11521 854
9565 4017 320
5257 328 134
1874 8347 933
649 9084 600
4031 8215 232
9771 8673 998
8837 4401 20
3562 6990 840
5244 1139 843
7128 5142 303
934 9135 782
6729 1510 590
6193 8020 546
6832 2593 8
11687 3063 55
231 4898 428
4713 11072 477
7905 5744 121
5432 9733 725
2974 8488 716
5141 4891 392
3856 9030 364
7185 6694 122
11918 4806 568
11744 9328 756
2427 2255 114
3551 3933 900
9404 9801 344
6375 6622 786
3220 11509 344
10490 4247 249
7285 3390 221
3539 10203 886
9589 5845 641
4442 2347 637
4988 2765 93
2886 3059 97
2705 3408 973
9013 10399 703
3393 10505 225
10223 9038 403
10467 9447 512
5281 375 568
7486 1985 276
6474 1327 763
715 2044 700
11582 470 944
3179 4290 243
4453 9220 838
9918 6469 966
7503 6202 285
7759 5814 497
7499 737 548
4004 7509 634
4320 5378 525
8531 6988 224
5227 2968 705
10737 11676 268
11983 3099 155
12202 10079 652
7605 7224 717
5156 557 445
11946 327 848
6171 8792 7
11926 12045 96
9523 4289 137
4929 7319 15
10286 3785 266
9452 4501 131
11830 4400 325
10684 6415 264
29 10008 619
10500 11162 328
2133 3353 797
8920 3320 456
2080 5601 396
9811 9514 844
11378 5270 340
5586 4447 44
11080 8617 875
1758 6650 310
492 12112 544
9402 7031 671
10284 2589 401
6385 6594 225
10795 8269 981
6623 10515 790
8101 3771 23
3133 6282 3
330 6186 115
1833 7781 300
9158 3763 146
6395 8500 868
2017 2010 863
11911 11554 343
1982 3566 85
9623 7903 253
9828 3007 23
2611 10637 964
3187 10745 740
5213 7892 194
3216 6418 711
11664 2047 845
11671 4006 144
3705 3251 595
6135 8570 821
8827 1644 286
6801 5658 74
4736 8389 963
1538 7947 92
8354 481 668
2089 12162 3
647 9908 812
2690 6169 367
8100 428 962
4099 5922 476
2498 1748 871
11501 11787 193
5772 10181 483
4204 2466 89
1766 11420 590
7299 2239 9
11890 8748 387
3383 6645 56
3223 7978 5
2196 6497 688
8565 9102 338
255 11460 626
4030 4676 700
328 12029 439
2645 6333 132
10264 4332 352
5678 2193 134
3144 9522 752
7574 1449 395
6215 3800 210
2612 5926 774
5552 9602 895
1315 10747 815
8341 1703 534
11481 5311 622
5807 2138 45
10267 1977 426
2287 604 613
2373 2374 176
7913 583 842
4185 5556 981
12474 11894 862
8820 11292 773
7916 4867 266
3545 2092 499
9972 3191 676
5403 10029 738
9749 4271 947
3234 3019 37
1265 10599 935
8196 6272 217
3723 10250 124
7625 3530 645
8288 2264 293
6989 5101 813
9927 7451 670
5529 3439 845
11262 5478 441
507 5851 180
10894 2027 299
11900 11509 216
6022 9869 987
902 3827 52
12042 11705 60
9189 9664 919
4092 4876 783
1009 5346 960
2721 7686 292
7228 2596 168
10033 2562 979
5392 11677 236
388 1865 297
8671 9116 213
7384 9893 202
913 9956 959
3654 1705 639
10138 8393 981
9837 9314 163
5473 5064 52
8410 8148 159
2129 4458 735
5389 4777 149
339 9290 363
3638 10951 344
1104 12024 11
6024 1748 534
7870 8140 485
8268 921 831
4706 2794 603
7791 4003 138
11202 8029 49
6587 2364 772
315 11271 905
3843 1454 578
205 10730 193
3021 9025 972
10154 855 181
887 7650 616
9149 1560 545
43 5547 627
2200 9715 798
6537 3632 839
3628 7390 556
5286 1789 5
10175 2195 216
5085 5265 235
2320 8172 952
11624 2630 807
4447 6826 977
9204 6448 856
3249 4380 624
10512 7681 83
1814 11501 972
12063 3923 913
6286 11479 694
5917 11423 628
3358 804 745
9340 7993 279
4631 11341 630
10072 5733 446
6497 11201 460
10824 4444 143
10381 2383 724
9833 3858 302
12190 2792 318
1414 8333 386
11469 3703 549
10761 10768 792
4533 507 210
4794 3637 72
6786 1945 760
7619 5536 430
8626 3324 672
10455 11506 791
2319 4293 26
6689 5234 670
6478 7328 481
6618 2808 932
8826 12406 274
8876 10140 941
12197 5277 445
8664 9627 578
522 11741 846
2704 10767 27
2480 10235 580
3900 5163 995
10383 208 804
11975 1246 377
7721 469 179
709 8952 309
10601 6983 970
2824 5440 205
8780 5177 315
7229 6740 691
9766 11408 896
3453 7169 225
11920 7138 19
1601 9806 847
9024 364 676
11410 4862 465
5940 7206 487
4751 8290 120
6387 11979 920
6968 11671 289
10966 8510 190
5511 6679 808
1140 9828 602
2091 2782 654
5932 9986 184
9754 8453 559
11838 4833 507
8319 11147 453
10248 6041 81
5238 72 925
3757 9307 190
8152 6573 528
11846 10827 885
6104 8254 482
6660 6039 678
5979 9854 938
9212 2277 915
9340 9788 61
2676 4647 781
12301 9163 956
6933 1768 570
12039 11402 78
2236 1015 794
5050 4093 637
4471 8185 858
4517 3780 145
5056 6073 987
3133 6436 258
5034 7050 845
8264 7242 223
7050 3510 65
2507 3689 417
948 10298 937
10258 9760 1
12284 7370 706
9598 10392 197
7001 6729 986
581 5453 870
11587 9796 313
7691 2305 698
3394 6381 114
7049 525 251
7793 1932 30
6702 8591 529
4733 9278 286
11772 12037 426
1913 3629 945
10353 4154 357
126 3119 345
10077 9196 584
4311 3425 317
7466 9195 832
11553 2364 551
12477 5744 128
3357 10697 743
9844 7912 77
7921 10648 692
9361 8512 504
9921 11754 354
6378 186 633
3889 774 817
11884 11709 15
7920 3179 926
10854 1019 628
4770 6076 712
12330 2641 345
5113 11245 18
5075 4626 896
872 3623 413
5032 5377 957
2451 11615 862
2287 2752 566
9750 1499 346
6651 2308 801
3004 1496 616
11601 2299 844
7555 1986 57
5462 7703 690
10366 6725 733
12106 10811 287
10606 2619 553
11508 11673 48
1136 9062 815
5897 1596 644
2195 11544 981
8755 9366 416
1644 8378 657
2655 6230 442
11911 3613 557
4534 7802 738
11016 2799 730
7326 3075 628
3526 12077 473
9337 11081 281
8045 1976 669
1272 1420 703
7077 9682 726
829 1756 815
2742 1577 718
12206 10878 799
638 2098 612
5768 6233 57
2821 11541 210
1321 11383 796
10070 9913 272
1353 96 452
6244 11942 627
11896 2228 820
6212 10701 913
9790 9234 839
10059 5224 725
9119 10598 356
5348 5857 316
9748 10899 12
2056 3364 662
12395 6721 238
12385 6794 568
3962 6452 557
8970 3571 306
11450 442 539
8176 6091 908
10990 8026 133
8856 9384 588
11342 429 159
10734 7948 110
2184 8184 105
9431 5082 75
11103 8341 318
9478 714 144
10207 5057 920
7302 6431 165
4756 2053 604
10302 1447 957
778 6428 18
10844 2170 534
10833 2588 394
5365 10601 53
8259 5433 493
1465 960 16
2067 1963 644
3213 4741 664
5208 4404 993
5296 3988 200
4118 10963 634
12101 10822 145
9469 1920 662
6526 819 227
10133 6772 67
246 465 469
3143 5477 952
4732 4077 657
2218 10971 962
7269 1700 407
7205 811 853
7712 7465 131
7349 7711 571
9394 1871 286
9130 12099 568
11307 2053 381
4954 2065 342
7714 9510 262
71 4197 860
4440 5467 314
1387 10849 178
4345 1368 35
4334 1604 308
5867 5676 48
8703 889 434
7020 1070 758
1877 12286 890
1688 3696 828
4595 7767 710
7449 6975 69
10319 10142 104
12386 1917 504
6977 10483 488
218 2761 484
9399 11153 280
1380 945 307
277 8477 103
9516 8615 140
9307 8248 538
3529 3535 186
5613 3361 145
8041 4194 773
11399 8301 379
9097 7132 18
8782 7282 217
11718 4450 391
10033 9259 39
11769 1354 271
1426 816 695
3239 5740 377
2664 8050 557
3656 3213 465
9453 3840 521
8960 4580 578
11004 9819 797
11899 1335 546
6113 1367 243
4714 8680 491
3121 9606 943
10363 11993 215
3280 9955 620
8691 47 468
4916 66 15
2552 3595 690
4748 12114 19
8509 2634 678
2735 4189 264
2166 5652 261
9956 10059 273
352 1808 898
897 10181 635
6528 12235 47
3663 9186 316
2707 9046 495
11996 10795 610
1512 6738 935
8783 10367 831
2992 11393 934
9770 9860 175
10112 2445 558
7594 9565 744
9497 7947 782
5609 771 404
8773 4391 837
9084 11758 404
8403 3933 263
2304 4651 200
10346 6878 901
6626 4956 881
830 5267 289
157 5918 141
7546 5991 257
4733 5965 138
8485 1013 332
8283 3954 330
6809 11458 9
9436 858 150
4978 10220 125
4107 8938 355
2471 2985 757
11049 4591 721
2426 10707 302
5872 620 832
6464 74 954
7345 12203 165
52 11085 730
5209 6845 498
8254 9537 794
9 5669 692
945 2305 964
2303 11942 538
1215 317 140
407 9645 786
3184 6479 753
10577 6226 732
738 6848 405
7162 9687 32
10636 8184 899
1690 5603 476
9288 9227 633
9576 8635 128
6424 8817 451
8733 349 394
6660 1226 758
7314 11230 883
12045 2653 623
3681 2099 718
4898 5512 139
11921 10490 541
3107 515 158
3151 2871 437
1650 5984 259
5350 5375 827
7861 9308 909
11476 5106 33
6636 742 927
10307 8 937
755 4693 802
8235 9203 137
1257 7065 401
2733 1067 305
10679 9266 951
11712 10655 830
383 3810 510
7731 612 18
5164 5676 707
2593 8743 255
4771 6023 969
5760 3518 628
3250 1827 888
4954 9595 430
5212 1971 856
1681 842 696
765 6378 692
3820 6448 731
1460 6394 366
2077 560 683
4863 7898 574
3869 1524 430
10482 919 947
9295 11045 784
3402 9082 946
5798 1639 112
9475 4677 156
1225 6213 806
12177 6089 443
8283 1815 881
10114 9181 118
10384 338 990
4687 1765 925
4011 7906 940
8066 8416 812
2612 7006 638
10304 2288 669
152 8346 512
8470 12469 561
10335 1934 762
10953 10207 890
1950 3382 965
8718 4119 666
4735 369 132
8408 10744 511
4139 2059 432
1970 6275 115
4096 6089 954
10465 110 209
6222 5404 361
2457 8599 30
5662 5977 912
11558 6513 112
11445 10663 347
7354 9327 243
3061 2091 213
5823 1284 37
7022 1142 709
8138 2153 453
4125 6152 836
8684 1848 376
5639 11802 108
10306 6733 217
7698 4588 523
4156 5791 989
7827 3955 942
9754 9396 416
7179 7468 242
8165 6663 800
9617 1849 716
3872 4219 734
10339 1445 706
8934 8629 612
11464 2263 976
1035 953 280
7870 3521 545
3074 4335 594
10278 3402 132
3629 2282 228
11298 9350 260
9478 4521 590
10825 11894 740
11734 6067 580
9055 8034 49
256 2240 617
6193 3472 954
507 10963 717
9287 8987 632
5886 4536 100
1372 7152 900
2902 7314 934
7398 1265 552
8991 8210 608
7274 11625 844
8543 8894 860
7514 4563 75
310 2745 831
9732 6439 971
352 6567 843
10066 12358 325
8577 12445 800
10950 3578 311
5441 6158 494
11962 56 351
11675 9965 75
11394 7886 10
6737 8074 696
8732 591 40
7809 12157 778
7146 9214 165
10228 1542 513
5944 11318 614
392 2209 570
6874 10057 271
7825 7443 642
5987 10800 864
3052 9326 929
12287 7763 483
3166 8148 163
11924 4609 53
2400 7556 96
2983 9114 750
862 6875 151
12069 1651 122
401 155 199
4737 5617 72
9226 9258 520
8379 11933 81
11287 818 836
485 6728 27
6040 9431 480
6585 6724 432
7000 9996 103
5535 10552 856
4522 10144 272
3108 12069 18
5415 11749 18
1782 8139 186
3704 12374 593
5468 6706 600
5620 1041 129
8696 6517 536
10019 7555 401
3617 3855 785
8815 2299 490
12459 2991 227
6840 3139 737
10686 4002 413
3856 4328 139
10198 8848 610
10766 10526 212
3878 10623 802
549 11280 900
10864 1185 909
4762 1048 330
1217 12201 315
6643 9578 704
9121 6971 142
11039 12436 982
4164 3625 377
11777 2898 241
491 3344 977
7753 11261 808
4830 559 323
6786 5292 693
7609 6882 851
5450 1059 75
11244 773 657
1019 1396 166
2813 9307 989
10617 9400 582
7023 7277 478
4323 11877 661
7718 10404 426
2416 10058 51
6788 8877 641
4189 7063 941
686 7701 315
5838 10808 515
10071 791 201
4165 6866 96
1324 5293 648
9556 3477 239
940 264 181
8102 10023 856
9946 6043 934
5822 1119 502
10249 11649 247
490 12414 539
8374 6180 850
2781 8227 509
108 2902 435
1775 3355 624
1342 12068 724
5560 7793 902
12247 1855 871
5444 4840 501
11630 8843 196
1024 48 807
11955 9525 178
2140 1796 62
2888 3180 146
10842 11592 540
621 6609 259
927 9056 91
5786 5368 690
8517 3065 123
7956 3976 575
9410 811 391
3892 1928 411
4290 1086 738
10412 9183 846
9376 10226 314
2404 6690 541
5726 11891 931
2222 909 811
1380 9126 865
4291 1097 600
7893 7710 867
615 4888 5
3735 3311 1
11828 2237 73
3129 10336 866
11604 4438 406
12069 3193 973
8147 4250 593
11720 8923 134
11372 3939 514
10105 1978 5
6430 8930 555
2975 9776 289
8899 2258 974
11563 10268 847
9884 5516 550
4162 11135 465
1612 6673 187
533 2651 767
6726 7960 605
3272 4928 942
2331 6702 413
11548 1379 852
5634 241 188
11366 9548 969
10489 10561 428
12021 8338 749
6734 668 943
2054 956 381
6176 2807 175
9010 12085 4
11505 6876 976
1556 2536 795
7593 3956 458
3033 8620 457
7657 4121 231
646 11012 96
6063 2059 346
11174 12200 683
5173 12218 447
5338 8355 748
1473 7452 659
2451 10241 409
6139 7353 48
6622 12387 23
11836 10635 54
1193 9971 983
6801 1352 539
3186 6703 188
4903 6641 895
1756 2263 562
4087 7749 67
12321 9519 803
1261 7558 641
6455 1561 988
509 4879 182
5586 4335 995
3404 9808 739
6976 4338 479
8463 4610 691
9256 10656 35
12103 6670 563
9882 6982 781
5889 1637 828
12406 6282 592
8477 11293 647
7199 4708 362
4877 4096 857
7840 2463 159
11930 9307 183
5993 5299 98
6278 10126 868
664 2402 231
8694 11958 990
4449 10884 411
9669 7725 244
8022 1452 960
518 686 496
7293 6536 411
6765 3583 262
951 4724 30
7149 7069 720
2986 2809 137
241 3942 90
5057 11980 589
4194 6129 947
3230 8281 672
2896 9666 282
7288 12019 439
9432 10245 654
5360 1491 9
12481 7374 808
9727 5991 699
12283 10319 742
6379 498 131
12276 10964 668
3411 7360 438
11701 7579 606
1320 11613 479
10874 5781 375
1719 3828 483
3674 9119 257
2873 7546 155
1817 9097 108
9031 3699 845
11708 4546 957
6057 3038 647
1061 7793 855
4183 11345 90
5975 8546 992
504 6841 135
9318 1160 906
11327 3650 563
9383 2420 653
4897 8581 724
8133 7502 613
1058 722 378
4144 196 402
9500 4403 952
7308 4360 621
5509 4837 779
6496 2965 683
11512 5016 894
11366 1426 308
430 7465 669
1181 7318 729
9843 1339 474
8694 8937 875
10499 928 172
410 11839 102
1137 6895 63
6213 11522 155
7435 6935 617
12177 10018 476
10035 7953 102
9475 12323 409
12064 2592 238
8741 3722 852
9925 3537 145
11899 8975 622
4400 532 976
6419 5264 636
5024 9178 531
3621 12307 512
801 7295 33
8112 1856 642
2409 7142 371
2113 11663 570
6756 2925 397
2609 12113 591
11496 11081 199
10364 819 924
8068 12036 77
7724 1393 594
9722 2364 453
189 9882 62
631 11291 600
2081 11028 905
457 7507 213
10773 2052 876
1583 6039 62
2041 2498 385
4865 10927 356
2301 9017 466
12245 4933 535
10278 3601 274
11862 329 560
7793 2060 183
1731 6486 499
2404 1916 894
8999 8157 36
67 4066 885
6337 5596 180
7432 3206 801
9128 10617 237
12475 9633 672
1852 530 716
4797 4885 779
9517 1795 545
853 8320 857
4769 555 325
2831 8778 318
555 6040 851
10533 4369 46
191 10017 313
10481 11908 336
9938 7549 413
1787 10976 19
10229 3754 43
10897 4481 509
10349 10283 520
3625 7654 616
6986 9418 281
3554 4467 352
1379 9606 660
4167 971 891
5519 6871 852
5186 11732 392
4618 9375 253
8591 4664 618
6243 5169 374
7676 11870 940
11003 2205 675
10038 5524 903
11725 7902 802
5860 12092 553
4586 552 146
8296 1345 92
4416 5689 594
841 7121 248
306 9303 645
9783 9278 292
1707 2096 898
3796 4606 765
3064 4336 647
5456 6450 231
5958 9831 310
3727 11705 831
10418 11854 173
220 5979 268
9224 1946 181
3251 4004 314
11804 10685 500
6782 1828 279
9437 899 841
3291 172 390
1990 4808 698
9127 10154 548
6749 774 891
12232 4619 733
9807 9822 689
8725 1894 62
2414 8871 199
6538 2467 36
106 2380 159
5125 3472 345
6840 8996 637
2769 2787 693
8724 12098 578
548 7824 743
5367 609 524
2535 1994 941
12200 2853 348
11289 8856 795
1400 70 315
8092 8474 280
8629 2399 546
8105 8321 525
207 12074 287
9161 1921 615
6072 11149 888
3216 4326 801
6506 2272 651
11748 1124 645
8746 2886 509
2286 2569 682
4021 1454 54
10943 11085 239
2647 3902 154
10656 575 676
2336 7045 595
9881 5861 465
1171 1240 340
1677 611 904
6170 161 574
9801 5886 96
543 1455 49
8622 12476 971
8984 1398 424
170 7804 962
1487 12158 55
10621 1655 940
1264 9836 319
11446 6842 16
6574 5614 248
4653 10903 935
5172 6448 169
10276 4022 12
10543 8800 903
7549 4 169
2598 10374 475
2153 8117 451
2057 9315 665
1888 10685 738
2256 7813 91
4077 2193 536
11791 11303 869
8653 12333 280
7477 6499 691
3391 7838 165
1032 12224 29
10262 4211 320
7751 932 13
1570 12125 723
6606 5936 290
8787 7864 426
5953 1571 170
2421 4128 803
5704 4862 355
5779 6953 436
245 11817 266
124 7572 625
10751 8750 960
12256 955 357
10516 12193 711
4960 5502 145
11192 12255 616
4850 7960 954
6542 4215 327
4848 12404 571
9791 7398 599
545 9572 376
3556 2610 399
7195 4440 596
1631 2570 745
8260 5590 223
10860 10836 516
7428 825 189
12155 2636 785
12346 882 682
10325 8844 562
1514 9243 279
3967 3847 293
2170 4391 833
799 483 422
11433 9279 742
232 378 443
6713 2212 305
9242 10118 332
11941 633 629
8473 9353 976
284 7129 120
6244 9029 732
8682 9202 1
1611 2889 870
6391 12309 536
12231 10084 33
3178 183 654
385 7405 561
1222 3494 970
341 11382 933
5987 2275 527
5298 7787 863
8501 11077 731
804 1388 777
2681 9667 834
6157 4282 237
10973 7899 748
12314 8462 306
10779 8314 527
9579 10188 475
1422 2522 652
5541 9340 901
932 5465 866
4528 3148 845
550 2824 977
3364 5565 581
9669 5439 676
9907 4612 362
9088 323 203
5778 2444 793
5629 6636 394
5698 12094 504
2233 12383 552
2657 11120 927
6676 646 21
5375 6627 647
7035 3378 935
6837 4604 501
4859 12102 14
3298 11150 660
134 8266 644
10916 12234 41
9280 7310 730
2302 4801 753
6853 3427 66
11743 9692 485
5142 2007 128
12448 5771 117
6449 6836 834
4706 11922 745
8874 4336 959
2779 7157 41
4654 383 945
4492 11131 727
8116 11296 899
11295 3090 503
5501 187 154
1897 3493 368
9519 3057 941
2054 5307 332
4053 5523 691
10706 10833 982
5979 9188 329
711 5743 495
3981 6245 654
4102 3606 521
10139 2658 636
10376 11603 29
3145 12428 116
7295 12020 563
2925 8883 656
4257 7561 61
8655 11760 605
451 6457 217
9900 4337 65
2264 12452 596
3078 11838 369
10044 9046 580
6683 10896 197
6802 9856 354
1721 10350 839
9774 6625 976
10311 2356 961
7453 973 559
6579 11672 784
36 3886 125
4203 2374 221
3877 11335 283
9052 8808 660
2148 11871 424
1189 3429 573
3803 7719 525
4846 5041 632
5550 973 664
11459 3871 703
251 9128 705
5072 1332 450
4130 817 41
5087 1056 231
5968 11224 523
5301 7658 757
1782 4255 18
5621 1834 889
473 969 336
11006 3195 317
679 2819 300
5270 5508 323
9024 1467 865
4130 814 454
10347 4379 817
1978 1784 94
5390 10457 254
3551 3137 769
9086 10394 479
8717 4866 400
5304 1687 58
365 6202 176
2314 11630 667
7286 5676 351
89 4739 639
7844 11353 785
4737 10389 592
9255 5662 807
7004 10089 586
987 9427 11
819 4905 453
5327 12232 470
8146 5924 173
7807 6310 515
6678 9569 752
4170 11576 170
1677 1409 604
5835 7122 868
11685 9932 433
11460 4325 296
7704 980 449
2370 4858 34
11678 7528 214
8239 1911 11
5327 2400 625
5710 6545 757
2256 5608 182
894 8917 307
5700 4247 981
8594 9925 523
10358 1357 251
10191 4790 55
1062 7508 73
3769 5833 630
11224 11366 164
9085 647 81
2241 8496 552
6769 4720 179
12243 4827 960
5090 1669 128
912 1790 257
3340 1515 175
10627 7986 629
9198 7608 830
9724 8782 817
2552 4725 858
1635 1001 90
11837 10014 446
2120 9542 339
373 10857 191
12194 2292 567
2682 9181 143
9088 5654 391
1495 11460 927
9319 5264 545
10268 8333 979
258 488 925
8466 8907 276
4853 548 140
8970 9521 667
10464 7800 491
11838 8228 68
8046 4332 932
745 335 276
1164 6985 136
11977 2358 289
6559 5332 732
4872 8973 335
8451 653 267
4670 10108 520
2086 4311 822
2030 4623 117
1170 1119 178
3120 11851 333
171 251 2
4360 11069 830
10476 2184 39
9510 5748 609
282 3263 437
7966 9984 756
2047 3311 335
8592 5798 789
7874 2121 503
4203 11247 246
4566 4276 928
7074 7311 85
5731 366 309
9640 7615 29
12227 12146 107
10795 16 830
8842 7164 396
2169 605 605
1069 9414 71
1093 9541 442
3925 10510 609
5063 2036 104
9460 2003 750
8994 2853 57
4438 2917 559
12321 8195 538
2858 5597 91
7565 3083 232
10959 7906 327
2121 7936 912
8811 6700 646
12161 8121 54
3231 11324 445
11193 2197 993
1737 3984 383
767 3913 51
4092 4708 148
11735 4516 971
10400 5167 82
2162 8297 184
7143 9883 833
11177 10233 122
9379 163 367
11546 10369 369
2439 1212 648
4405 12233 630
6199 3506 68
1936 10461 361
6534 12057 865
4939 9461 66
6014 4374 302
9923 734 277
5097 8745 804
6670 2531 380
11190 12322 267
6068 4694 49
7570 6128 328
5089 7407 549
6724 5932 70
6040 9659 383
172 4819 701
10086 3742 47
744 11106 700
2185 6429 806
1178 5925 286
6076 12377 320
6747 12457 502
3318 12433 72
2806 3636 366
4531 10780 235
9096 9053 559
3135 31 767
11911 9640 0
10087 3929 567
10933 1983 736
9845 8496 315
9164 4978 485
7381 11370 720
6869 5407 274
10818 3206 787
8874 5870 432
7611 6880 183
3226 3273 745
9278 492 281
5505 10414 233
951 5051 780
1166 1295 824
9067 5665 184
8687 1809 376
8998 6516 422
8501 260 733
6733 317 573
5671 5223 602
10881 2598 439
3078 10534 861
10724 4868 471
58 11027 837
11541 10125 750
9580 942 945
1636 8124 738
8428 8438 581
7941 11604 482
1861 6328 578
3568 290 274
5996 7616 459
1670 9617 568
1808 2229 946
11028 7422 436
10010 684 486
2985 5519 976
2790 688 594
9669 3395 684
9832 723 135
3826 10407 48
8820 547 507
9678 5711 260
7528 10265 806
7995 9048 528
9182 109 459
9956 3045 320
6810 685 1
6122 10206 606
6632 11250 593
258 7125 47
11440 3068 412
7039 4542 452
11262 5073 463
10098 5964 460
11799 2939 603
4432 7101 202
1769 10125 806
9328 8299 223
9558 5625 725
6340 6381 519
6144 11632 65
9029 685 119
12341 9674 761
11627 9453 575
9152 1463 262
1125 6306 949
3084 3813 640
11108 2158 712
5828 32 50
8160 6369 748
1692 6245 734
6298 1531 805
1784 2771 923
6297 3554 187
8907 8421 309
5772 4622 868
1418 3071 58
11905 2984 993
10328 4893 217
5876 6158 210
318 2641 717
320 12382 195
988 4969 593
6521 4207 497
3075 3677 134
11956 2830 356
3824 477 705
7590 11123 433
5363 2448 702
10689 9957 802
9712 2694 838
11089 4890 930
6641 8610 682
4770 7188 740
2763 11510 17
6979 9763 422
6317 2359 663
7356 4892 596
3501 696 569
2532 6108 431
4759 195 858
5192 6700 595
9097 7789 453
8340 1847 708
9602 4805 650
10102 12389 200
4011 1390 213
3035 9484 419
10888 10593 587
3823 10722 311
4045 1093 143
741 3556 840
9052 9153 875
9892 4606 585
7449 9959 561
4424 2558 171
5776 10154 316
2922 7883 497
2861 12432 319
8855 9059 978
6001 6003 227
7572 11158 493
10534 3027 830
10681 285 843
3810 11245 576
10768 2255 43
11664 52 410
10805 10130 30
12472 2021 364
12336 9537 762
788 6328 155
4099 11430 869
585 9229 215
10551 8206 283
8504 2604 545
10946 11540 538
8575 2799 942
7067 8695 717
5254 10025 926
3050 5643 709
9953 7096 245
4721 8579 247
205 6601 670
9311 315 983
5598 7607 944
11024 2477 481
10383 7710 196
11490 12187 602
7126 8606 210
6846 771 977
6756 12355 651
72 6797 560
2945 9002 59
9196 1790 378
2304 4349 870
65 5744 993
3800 8742 874
7884 276 814
3250 1397 49
2906 7167 100
9220 4222 50
7628 11635 116
7926 6922 964
10172 11352 209
9278 10386 640
6620 4534 480
9478 1473 736
2236 9953 428
1061 5835 361
8496 261 765
12061 2904 918
12066 10045 390
553 390 42
9241 6965 858
1970 6029 517
11985 3481 108
70 300 571
5665 11909 845
8104 3761 456
5203 925 742
4728 1179 264
11770 6601 929
2657 6628 314
9096 11856 789
6676 281 654
3743 6294 469
8513 11470 345
6765 10876 398
8726 3179 576
5615 3125 980
11544 3003 758
4064 2756 682
10093 4988 304
11450 5940 897
7343 10104 615
7166 5811 897
6972 6637 903
8649 8774 873
5436 4399 195
5022 7737 927
5895 5299 710
2940 2375 468
2243 7969 767
9435 948 965
7858 3768 665
7185 2924 983
11535 7463 556
7161 3051 787
8432 10408 237
4666 145 654
3521 11596 836
4119 9808 235
11069 9535 402
11492 2186 981
3539 8717 792
1869 4986 483
7924 2704 326
2760 3406 610
3102 7338 367
3838 12425 464
12015 3859 46
11576 7483 470
143 5839 145
9206 11087 977
7122 5088 934
273 3071 738
6283 8273 737
4204 1961 535
8400 6561 593
9283 11452 769
8814 5948 455
12033 1697 429
1659 5426 235
5371 12103 909
11542 2377 128
3576 3126 139
8245 4085 841
4447 8360 298
5101 5745 868
2349 10555 881
976 1416 931
6513 8847 118
4651 290 104
5888 7836 832
4632 3756 199
1980 8246 136
7146 3358 367
11742 3146 460
12260 1592 628
10513 1042 196
1547 10049 283
7584 7991 954
8752 2522 466
8151 8942 144
6800 11560 552
8154 11808 680
1139 2715 169
10957 1680 186
6608 7406 961
8254 6479 485
9297 12391 601
5654 10399 327
3635 10254 680
3648 10936 92
7208 11172 188
8572 8539 98
9029 49 134
10853 6366 629
2682 4068 816
10560 4704 968
10128 273 314
1487 8516 887
7690 7370 438
9993 7844 731
3827 3551 594
3502 2895 71
11536 504 871
6499 4866 208
7371 1920 219
6399 9813 901
117 10797 109
3724 4539 893
12498 5159 561
1140 3016 357
8573 7647 791
5673 9470 250
11302 1849 955
4722 1389 90
6838 9298 235
7698 10862 824
7972 3400 91
3155 9237 58
11177 5129 328
3669 7501 563
8529 5274 599
9616 7554 969
11899 9452 505
8806 1824 936
5938 9428 888
454 8612 959
3534 2033 110
1624 7852 828
11254 8149 371
881 6873 480
5898 11765 262
8189 7652 947
11002 2080 232
8191 8795 367
68 4224 304
6962 4186 129
2697 7832 958
11161 9004 116
11052 6265 454
741 1404 523
4857 8318 848
10336 7268 55
6428 10773 207
10979 3975 538
7126 4195 783
10998 12065 707
3761 8495 367
2076 9901 441
633 3750 692
9372 2572 191
3892 6010 291
7071 3616 924
4902 8839 403
322 3712 705
11530 5383 595
11689 1470 713
636 8888 758
7699 9701 385
869 5319 153
5520 6050 55
1483 9817 978
8725 7437 25
938 8085 459
4266 8260 966
5645 6026 837
6298 10277 172
12062 8818 991
504 189 371
5029 6813 659
7067 8477 284
11172 7743 341
8404 1253 689
4435 2559 798
11646 2678 576
7014 5358 24
2935 8694 921
11695 11535 426
10223 11889 369
9428 3295 972
612 1028 51
2193 4197 522
9782 11532 933
8368 9943 842
3026 10867 461
3237 12331 944
3323 103 778
7030 6133 787
7561 6479 909
1132 7216 569
2761 1694 560
11038 7005 130
2205 7694 618
4330 8355 467
12284 2542 474
10249 6540 813
6664 2495 775
1806 9598 270
7522 5253 883
5409 9488 54
4683 3181 649
3204 11843 612
1003 6748 799
1014 2725 911
2318 1212 7
8211 11915 726
792 8746 96
11250 6840 80
6653 644 467
556 6459 193
8509 4635 33
7049 3814 460
12450 11728 386
11463 5362 27
495 7937 897
11011 3272 614
9730 5728 582
7143 7640 480
7385 4937 139
7242 7169 634
6148 6813 396
10912 10129 228
1154 11205 741
10548 7870 710
1195 5849 902
4424 9652 133
6252 9004 952
479 8948 734
2185 374 385
2739 2676 137
7679 9515 356
5595 6834 335
4586 3229 13
12443 8582 354
8144 3140 251
10857 10984 804
5002 9475 875
4780 5504 641
1623 10967 387
9302 4788 818
3436 4648 306
10226 4097 215
906 9287 584
6971 7159 116
9463 11573 696
5144 403 766
6143 1710 31
2893 5822 24
6228 2689 957
9261 699 700
9313 9964 881
4821 2987 367
3013 2567 582
8172 6093 886
10387 662 401
10142 5719 240
1229 7117 685
7949 12430 478
7271 2885 919
9258 3598 270
3221 414 873
5479 2614 690
5556 587 641
4220 11211 941
9625 5970 87
666 10941 839
3394 4434 209
5990 9381 288
8581 10931 727
8435 6552 744
7328 6155 900
7122 5637 348
1923 2273 471
8713 5314 378
922 1466 926
341 5567 502
1886 538 199
3975 6135 225
10557 25 909
11631 8898 991
8691 10968 862
6214 1347 528
31 1691 540
11986 3574 366
12238 8102 492
5282 12157 900
7769 2623 126
3966 3671 501
3841 10156 97
904 8067 494
12297 1548 559
6549 8563 864
848 7476 718
151 4037 621
6750 5721 291
6011 11446 125
2529 7960 436
3898 774 257
10942 11909 971
11017 1643 756
2482 8866 757
7455 11454 869
341 10320 457
12472 11673 505
7858 4573 769
12472 3754 92
3351 9645 517
6445 1556 582
6577 3509 550
3520 2098 357
356 7393 330
5493 2390 49
6696 376 160
4035 10028 783
8219 6626 914
1089 11069 609
9010 3530 238
3271 10942 589
1718 6533 879
1713 2094 244
186 9170 605
5895 3233 483
1931 1892 328
10713 11184 379
6381 4160 793
2047 290 764
1750 3850 251
25 598 931
11653 4502 112
8810 7876 554
6896 2648 787
7670 3395 731
6148 6097 174
12200 5962 225
7885 10447 458
4070 10825 217
1504 401 839
7996 6355 217
444 5202 270
4175 7256 78
2946 10802 835
10102 6838 750
10729 4126 168
6156 1974 29
8852 4561 929
3715 1868 340
11391 8885 289
6901 1782 245
1771 4122 438
6560 9783 500
2496 4015 973
10133 1781 980
11304 5429 449
1191 2874 4
4151 5352 817
350 2037 827
8481 4001 429
7049 2055 771
5978 811 789
7719 4787 902
940 1414 886
8311 870 938
2013 2695 889
11324 18 143
12070 8374 676
6167 819 246
387 8724 402
1978 11808 494
9586 6159 939
4252 9018 604
575 10748 83
4966 5526 912
947 4983 529
5606 9323 132
4016 4085 6
8712 7646 51
3108 6976 840
7446 10006 92
3409 4836 715
4227 1720 560
3336 1624 920
9801 2582 74
2035 9634 546
8446 8969 209
4050 11698 51
12103 4310 733
216 10763 767
2061 532 150
11382 5100 381
5776 11468 638
10994 183 890
10266 1683 313
10730 8149 221
1370 3148 463
2598 3543 164
564 8443 350
3789 5212 862
2902 9219 960
28 11726 507
5978 6386 915
1492 11665 984
3814 7062 206
6473 2556 338
2564 6911 61
9735 12337 211
10676 12012 620
2902 2934 933
5412 11488 835
3243 5415 341
8562 9775 603
8284 1014 356
5702 5459 151
7097 5384 382
7913 11124 131
11955 4711 294
5727 10097 969
4027 7070 219
9552 2728 574
12137 9372 93
8751 1275 780
104 787 370
5030 4234 400
10372 2109 333
7592 3404 980
4598 5508 578
9432 5074 752
2455 753 542
2950 1290 665
6899 11258 549
8135 5552 865
5610 3972 364
572 9478 669
7901 8695 553
11518 8977 154
848 2980 393
4851 7821 466
12333 6983 336
3974 9510 589
9644 8262 626
1774 8361 919
11631 11314 158
10499 7645 631
4852 532 609
9977 10325 185
8976 3395 614
11015 3042 29
963 9604 919
9520 8346 586
4518 1397 443
4281 5589 633
12176 1586 679
7445 7149 112
10822 460 480
1632 2063 232
7252 2403 786
9223 1322 335
495 5989 846
6076 205 675
3028 1599 785
9120 5587 129
8587 9186 424
8445 9436 883
272 2046 838
3950 1454 318
4562 1273 716
7474 6701 630
9917 7079 87
1200 8700 958
7570 1753 970
8776 8106 227
3553 4349 375
12032 11473 731
1867 10254 30
2389 10588 661
11987 8216 778
3755 2055 729
11312 9145 932
11596 1031 48
6258 2902 628
10613 3185 84
7376 2153 342
8844 1043 764
5103 3491 993
3275 9475 28
2533 1297 944
1439 10565 271
11416 7682 310
2272 1621 525
6993 6258 921
2628 7487 682
10064 3718 13
3977 10475 416
113 3867 58
8639 11258 758
8318 2449 865
7903 11489 542
8439 4516 592
4913 3195 678
11306 1176 69
7703 12357 580
11779 6487 468
1877 11745 837
10987 3318 387
7933 4861 123
324 9522 583
2616 11600 50
9202 10244 268
4943 7990 583
432 312 963
9122 6892 34
6698 11107 699
197 8732 598
2045 2439 926
5391 12116 390
4781 7150 479
1109 5924 25
1192 11355 875
1242 9170 238
304 4048 727
11326 2511 613
11062 12333 208
5109 8023 438
6834 6245 163
5235 5944 345
385 806 877
7642 3627 518
2130 11867 990
7910 3104 883
8738 10071 889
9160 5099 936
5495 1534 815
10464 9617 818
1017 3906 326
11341 2100 986
860 642 449
487 11982 396
3415 3176 294
10413 1698 156
2794 3093 889
726 4959 637
5437 4860 384
269 2285 357
8178 9157 255
1775 7756 803
10086 1802 75
7889 3847 18
353 3980 205
7752 9765 84
6734 1825 917
6764 2458 617
1231 11285 182
4076 95 48
9962 10969 879
10835 4615 945
3279 491 207
11721 1587 28
3647 4508 239
1294 2646 488
10901 7866 168
8524 10913 143
6564 1033 547
9705 6676 116
8880 11151 20
1288 1273 836
5577 5247 274
7751 5037 335
3353 6598 967
1945 9412 455
5031 10767 81
732 9708 108
9198 7074 4
6586 4683 394
331 505 57
530 11987 242
870 3552 678
5033 9313 453
3619 7074 67
1243 9097 520
599 8159 295
5116 6059 66
12037 5138 310
2080 7330 539
2618 4620 299
8009 2940 158
7097 9480 907
457 6554 181
3291 3870 949
9029 10852 159
4378 6663 961
6662 5275 216
9069 3439 307
606 2896 418
5614 4745 763
5834 11654 5
8111 18 287
6753 256 139
11583 11532 996
1407 4217 910
11840 8138 176
8603 8365 180
8131 7149 359
11680 10873 519
11131 8842 988
1562 1287 297
4750 591 612
912 7468 631
2058 8756 216
729 8883 317
9347 1394 502
8294 10531 548
5703 6235 917
11300 5351 902
503 9111 863
1245 11130 225
5978 6590 393
9609 8579 156
2886 6485 828
2302 4693 560
1233 833 887
3234 10301 270
3321 5888 392
5604 6189 931
5373 2907 995
6887 4866 101
7100 10583 95
3207 10295 792
939 9599 841
7129 12197 942
9167 7682 546
5149 9391 785
7039 7516 95
2458 11751 243
4880 6349 640
4781 4405 244
9613 10155 173
6566 5317 548
12376 8590 980
8271 5971 219
5680 5560 252
2535 216 506
9554 4368 971
3134 7482 383
11275 650 552
8721 9126 561
11601 10634 6
5320 8629 72
2534 2924 313
7835 972 55
2130 2809 631
8245 2939 2
2369 3642 376
8452 3702 925
8602 1738 64
12073 4535 363
1044 4191 468
1458 4104 215
8802 347 199
5543 6200 286
6554 3306 436
1997 2717 886
918 9684 227
5173 8741 586
620 10570 305
4387 1029 15
3004 3912 973
445 11067 774
2716 4324 121
3915 8957 210
23 4807 357
12097 8615 61
10568 244 957
7468 8127 286
7961 1458 399
3912 133 934
12343 4393 453
7636 7189 300
8684 3972 800
6312 9347 262
3974 1412 569
1141 8120 73
7506 2248 856
1142 226 399
89 1240 570
5508 11931 193
9585 3543 175
6674 1164 264
3077 5261 55
1246 10834 824
7189 11148 645
3839 9049 781
9443 4958 601
1307 6504 810
8773 867 19
6850 482 547
2554 9226 391
7817 1971 626
7194 2070 491
11074 834 257
10359 5132 136
2372 5965 522
2421 9719 228
4041 7322 469
5495 5567 339
6001 5937 239
9919 3959 563
11268 9681 117
6856 6154 144
6484 8396 98
8231 4814 44
4420 5073 255
3786 7688 770
3174 8396 237
9237 8641 938
1426 10086 867
1395 1313 968
8965 6699 410
3542 10043 168
319 5304 492
9714 7397 692
295 10881 37
8624 4460 784
6072 8296 462
3019 7358 118
9590 1272 605
822 9537 248
80 231 621
3127 5855 307
5540 10476 803
5457 2398 856
6357 7198 823
6636 6067 564
1005 6834 43
5268 3785 643
10332 8291 275
4301 9015 780
5360 3213 146
1795 7378 971
4857 9840 8
4229 113 693
5621 7421 753
3206 5159 39
12082 1605 463
532 9481 267
11982 1510 83
11289 6275 453
1571 12260 962
8403 5827 190
12499 6367 275
3035 6419 66
8241 9410 204
5692 3666 886
6415 10425 407
4096 5063 992
5468 4818 970
10355 5233 52
1290 6685 658
6682 836 132
1340 6445 931
1905 556 914
4946 5754 68
10267 8712 973
320 12051 906
6091 10577 559
2253 128 513
4861 5362 273
9052 4986 976
12082 10496 99
1237 2376 539
11251 9543 821
10585 9055 299
12252 4214 755
4712 8767 1
7756 2171 593
6236 5103 322
1951 8963 999
4157 6387 906
8320 7986 943
11918 6957 121
6721 6342 545
10545 9970 152
3418 4591 382
10776 2922 980
1722 304 543
3931 5455 618
9836 1663 60
6604 3940 272
9316 7744 379
11364 4609 238
1626 5498 257
6426 1341 504
11890 7317 463
4246 10135 210
11993 8179 265
3393 9947 942
11622 4143 19
8975 5483 141
1846 10155 214
6375 12072 917
7655 5613 682
1107 2551 154
6260 6425 953
8199 3033 84
4151 1380 221
1927 2168 857
11488 5706 917
8155 3743 727
7335 4651 805
10720 10750 308
11398 1295 304
4642 4897 913
7530 3351 335
5341 6688 756
5227 1639 228
12059 4271 340
10001 7033 239
2911 3987 160
3442 4692 445
1321 10300 69
7047 9307 81
6842 3725 189
1647 10777 792
5457 7902 891
2935 4879 879
634 4926 700
4213 6305 953
11768 2070 530
9182 6113 708
11268 12116 862
6541 11066 992
5056 8034 822
7946 5878 741
5277 2036 448
9428 6730 760
900 378 894
4136 7826 428
4314 8322 843
6623 7486 505
11822 3576 840
10511 2957 446
10302 4864 601
9827 2651 193
8873 10764 710
5804 5610 949
1736 10563 825
10018 10406 827
1255 8314 196
9381 5832 683
6066 357 264
2268 11219 136
4531 12335 807
5325 6952 766
10289 7792 808
12009 4747 417
8927 8313 687
10519 7265 230
2340 4359 283
2588 12424 469
10958 1560 850
9981 6171 97
7685 5319 853
8355 3224 364
2648 6539 994
5033 8248 197
11946 9074 2
8612 4233 453
3075 5391 921
5688 5230 494
1345 10150 523
11205 9096 410
6977 11120 807
5538 7424 539
1827 212 129
194 9131 607
11737 6974 919
6300 1972 168
2732 4760 123
6 7479 843
5332 6935 573
8395 1065 410
1317 1512 878
6923 7938 439
11782 709 124
7535 6767 44
892 7335 875
7588 1643 368
11911 1476 149
2791 12280 296
4976 11807 889
12294 11785 239
10755 7679 110
7013 513 593
6462 2521 933
5744 2868 392
5436 4819 462
8297 6673 644
4392 2533 707
713 5240 132
9362 1564 527
6089 3366 461
3791 8411 155
5379 11772 599
12022 9202 248
1150 1288 565
35 10611 301
1244 8159 961
5862 7716 236
8330 430 646
1065 12134 515
3911 3479 718
320 11341 877
1984 10913 328
9365 6176 477
4075 550 929
2995 11296 671
6777 10443 904
10555 1759 262
8497 11183 152
7237 5174 421
4888 11022 192
5589 3121 556
12001 10098 138
5676 6820 240
2685 5155 475
5294 7591 850
2177 2329 253
4040 6723 579
5719 4938 834
1359 10529 75
3659 10579 556
9674 4984 188
10493 3200 604
2746 8800 5
4102 3075 994
2541 289 998
7288 8940 676
4392 11508 862
6516 6674 842
12489 12335 621
334 7148 380
9268 12049 535
61 2093 251
10486 3109 258
7756 6317 674
4971 10319 353
9216 8715 104
1912 7022 212
10221 888 503
7791 10407 499
5130 12408 670
6134 10959 686
9715 3971 64
10683 9706 191
1581 10726 693
12231 2986 747
3637 10489 330
10804 7176 748
4430 6072 919
5096 223 188
464 4351 836
757 9970 335
10698 11365 606
5753 3077 672
5257 3263 317
5244 10268 129
11038 9380 172
3243 8097 376
9064 3228 388
10104 4171 677
3722 4048 423
57 9256 667
614 4970 731
9271 10061 386
7003 1628 406
1089 6160 276
2190 7939 620
6720 8553 214
9855 132 191
1128 10045 370
9118 7178 101
3551 11071 19
10653 5803 339
5099 9817 551
2307 2120 474
11066 8618 791
3223 5786 205
4811 1330 695
7985 4309 867
4768 11617 629
2563 3279 159
5603 8762 550
2360 11604 18
2185 5406 562
12376 8874 215
10406 2997 233
1804 4996 466
2374 3479 631
10165 8401 670
7275 1215 37
3242 9432 972
7185 2345 87
6307 5223 799
2959 1524 628
9480 7895 886
2305 2785 974
3590 1550 174
10492 12422 861
5387 3383 842
4424 10154 438
6291 11545 408
10701 1873 416
389 8347 956
12452 4666 182
1264 4114 793
11584 504 296
6318 2313 70
3523 824 456
8704 9023 199
10980 1410 40
6391 10149 363
6059 6039 645
3179 4499 572
10636 4327 764
2390 2886 962
9118 7856 526
9317 7707 423
4834 9353 757
8477 7247 25
4241 10308 521
10605 11126 703
8264 5297 577
8866 866 752
202 4328 157
4524 8664 130
9457 4675 79
10857 6412 253
1895 10309 75
8045 11049 253
3395 8800 293
1870 10766 73
6905 940 100
11908 7253 787
719 1222 390
8076 1879 821
1882 12154 612
1749 7825 770
12407 11344 812
4256 10354 246
7417 7373 518
8193 11191 688
412 11856 394
10955 8773 816
7463 12482 298
8639 8466 300
1522 3872 329
1788 76 432
3315 2995 391
8983 1245 319
8226 11239 545
1381 11738 225
996 7567 699
4218 4690 380
7893 10098 42
12349 6170 465
11030 527 5
9975 11252 662
4778 3864 619
2410 11817 382
5631 5431 580
11340 4269 40
2420 4690 107
486 7238 849
10922 7912 205
1286 790 284
5642 11305 803
5992 11636 429
11526 1793 20
4616 1957 518
302 6611 947
9374 5943 667
2735 1272 644
5069 2641 397
11593 9660 837
8746 1282 711
6399 623 985
1178 11277 318
10501 2687 747
42 5816 95
10508 3586 340
10707 2406 214
5097 6222 935
7211 2939 157
10925 1924 958
8856 12327 60
2046 6499 684
4405 7755 374
596 5944 88
11212 11780 621
7983 5111 53
10980 3001 855
8701 12259 98
12158 2522 633
7293 8450 365
9197 11209 300
8156 6983 152
11249 10855 378
1945 12320 674
11831 5951 75
12352 11668 235
8567 4961 571
6660 451 896
6309 1862 759
4993 3390 749
5741 1100 931
2570 5402 758
11170 6408 874
672 10613 460
5733 9079 194
8993 7537 272
2011 10915 52
722 4398 544
1822 11284 23
1733 6571 982
3122 8763 403
