200
100
139 43 755
12 32 347
86 7 429
197 156 485
5 76 129
9 69 68
75 36 347
78 23 319
66 150 445
18 173 933
155 177 130
11 12 685
40 77 309
72 113 602
28 61 146
11 181 921
165 31 616
86 66 284
67 90 658
95 197 499
90 199 287
158 151 572
50 143 870
36 132 531
83 170 977
162 19 61
146 152 796
53 172 980
85 172 369
181 183 720
96 111 856
21 115 438
61 143 953
173 155 540
170 29 516
26 5 429
21 137 639
4 117 940
1 31 929
55 17 339
64 122 469
75 182 6
170 31 661
9 102 362
3 81 100
73 67 47
37 56 779
80 113 972
151 63 222
63 120 843
87 158 88
125 114 53
44 71 781
117 149 260
131 198 509
123 55 597
106 196 992
118 112 757
102 8 633
166 87 715
19 143 237
59 140 242
23 179 261
82 132 768
177 70 733
194 117 731
83 175 918
27 56 579
135 8 813
129 181 912
106 154 423
119 30 813
158 131 678
32 176 102
109 121 713
119 68 76
83 36 601
191 152 996
147 155 45
141 41 868
149 92 400
70 187 112
158 60 908
139 53 532
165 61 515
85 73 564
21 53 7
91 12 397
104 141 972
192 128 18
78 99 350
199 136 146
39 44 435
72 126 347
106 72 933
90 176 253
12 68 859
191 48 655
107 132 579
51 5 999
