2000
1000
1566 849 853
694 63 45
469 114 522
15 503 192
1697 1156 439
556 1661 408
242 880 481
120 1166 345
1336 1587 477
1610 1687 569
122 581 352
985 660 66
1921 158 246
845 145 223
29 484 762
1475 158 402
1722 411 366
605 505 690
1549 1885 780
812 1473 833
77 1328 895
1894 229 129
1517 1135 488
1374 547 45
985 881 251
1864 810 372
1610 878 33
145 1332 489
1851 488 711
394 522 748
1054 769 634
1877 1817 629
1391 687 621
1532 1801 923
839 286 715
843 1705 662
261 50 500
1752 626 28
154 1030 286
1626 647 464
669 1578 673
1683 336 663
793 1998 785
942 1676 540
1651 672 389
1555 233 503
1530 1720 952
1097 1065 58
1870 179 957
324 969 516
888 1418 729
785 1978 304
977 1725 2
822 496 248
306 1715 910
1696 573 348
1997 171 51
525 1393 334
967 864 688
1338 753 868
321 37 176
849 1445 634
201 1401 488
533 1267 745
1966 498 175
144 538 611
1543 1694 473
537 1226 159
661 227 762
1713 1485 277
729 1209 144
281 575 770
156 755 671
969 848 565
1159 1589 512
1052 604 450
95 1752 788
727 1988 848
1223 1890 299
260 1834 736
1278 402 366
1178 363 883
294 46 295
1925 1953 827
1624 1704 472
453 1798 242
484 1203 284
944 1825 345
1336 629 170
695 1660 828
1814 260 327
1009 120 882
72 1116 354
905 1584 924
1037 1850 835
824 1311 630
1919 490 31
344 894 554
322 1855 580
309 452 426
1507 1782 48
1947 1578 202
269 1051 724
1695 270 271
1824 182 961
1877 168 98
136 1606 889
1399 1839 425
1769 1431 744
1849 489 929
705 1683 515
26 437 816
661 630 587
1882 986 906
70 1922 794
629 1520 743
623 1389 554
1026 1869 677
622 1639 6
733 796 216
507 29 70
94 399 767
1096 256 320
1539 1217 226
1540 680 564
1390 332 677
1300 30 699
1550 232 659
965 69 868
1493 993 967
240 1483 922
1086 842 527
1763 1782 171
1682 530 279
1228 1436 178
731 1472 186
1460 637 304
334 548 232
296 136 655
1411 663 201
824 1052 608
1401 1096 811
1058 427 378
1871 430 615
218 1219 69
439 1692 449
863 1031 316
11 1888 980
576 477 677
74 491 226
1495 852 250
399 1586 128
1513 1010 345
1707 206 221
1637 104 325
446 271 252
165 1371 838
998 1487 262
372 409 569
370 1507 995
189 1830 3
1903 706 663
386 150 914
966 3 368
1996 1541 428
653 1955 469
1956 282 988
1542 809 794
1954 518 452
1379 1674 367
1211 565 973
455 1530 222
1080 848 238
336 1586 49
1675 488 395
1910 262 469
903 316 502
1355 1748 741
1618 1898 290
1448 959 513
1064 716 687
1840 1042 946
824 1567 554
997 1291 30
668 1217 769
281 1245 295
1961 47 41
1256 306 577
679 1325 993
473 877 580
1558 48 685
189 864 810
1616 1242 696
88 1503 118
30 182 662
1772 1911 737
1599 621 118
753 343 58
1567 1863 428
1777 939 700
280 1588 999
1040 559 953
1912 522 512
403 1480 302
486 647 171
99 1839 937
745 1472 466
1447 1352 77
905 370 820
81 627 661
234 1147 849
356 225 405
765 572 75
845 552 131
1421 327 545
544 1705 713
461 798 346
777 357 575
88 423 709
107 1752 409
1361 1555 805
836 1618 768
1698 1193 113
1679 1207 466
1502 255 54
1306 233 999
211 1738 559
904 516 845
1427 246 849
1115 517 160
356 137 360
1342 1050 441
634 703 63
1559 1685 89
7 1156 448
1541 1251 687
276 503 855
1414 1878 77
108 946 803
1005 714 438
1054 1687 694
614 1830 277
136 1847 334
556 112 929
1407 931 650
148 610 602
820 1015 6
1658 1499 737
1155 672 93
1910 1902 885
881 276 348
23 159 829
98 1553 50
1939 1222 168
1856 740 951
1324 1320 767
502 258 53
951 219 940
1811 1440 676
1148 400 603
1143 685 460
1960 1225 357
1545 1410 760
66 789 67
302 898 936
97 1095 429
89 1662 545
922 1394 990
980 170 677
433 304 982
853 18 794
1816 1919 316
1349 1633 775
1479 1893 277
1105 1670 117
741 385 820
47 1072 79
1962 813 95
1312 1335 815
1322 1114 726
1335 1353 616
1083 1026 67
1056 1829 435
535 568 270
820 562 727
1444 914 253
785 950 516
648 1380 401
894 454 827
1816 232 305
1217 1667 62
1674 564 75
129 185 336
1717 1587 4
1614 1027 314
1833 1372 404
443 1387 428
703 1838 646
874 541 31
1929 639 488
109 526 693
222 1499 312
1586 1404 823
272 384 56
85 1310 425
220 312 138
422 1277 991
1710 247 132
239 1689 375
248 1304 981
1212 1128 891
971 1325 172
524 345 891
580 784 705
1656 1070 258
923 1185 734
359 98 446
220 1434 188
1243 1865 324
714 1808 944
1830 1313 599
1139 294 239
1521 954 808
1235 1348 438
795 1856 542
982 1559 915
83 1331 338
183 453 794
1972 657 909
1611 509 197
1378 1540 204
1493 226 614
419 747 531
1982 1324 425
103 309 558
1660 856 117
34 916 474
518 960 780
230 1367 753
366 1003 509
1377 1595 151
867 868 240
858 1804 494
952 1405 271
634 1307 536
1904 692 583
388 1751 431
1182 66 896
104 1987 553
141 1459 332
1055 1745 234
1591 12 291
1130 1421 319
1170 580 516
1393 389 331
603 1086 350
297 106 941
762 805 15
909 959 158
1584 1491 391
284 1780 269
1523 1205 469
292 952 736
1559 1759 178
1171 1510 710
794 979 905
1252 1535 952
1837 1874 668
973 1943 319
1069 1222 844
1964 1537 221
1179 340 656
808 757 828
1359 1037 638
1820 1367 982
1140 622 196
806 1427 527
688 343 465
1143 1933 533
1354 104 535
1418 500 665
249 432 723
581 1000 670
1008 1534 911
768 91 595
1203 1407 673
229 1176 982
1867 1581 10
414 486 24
407 913 302
418 281 191
1417 755 291
1873 522 197
1186 430 484
1875 396 421
829 236 18
927 1550 483
95 1085 218
1880 518 632
971 39 194
84 1477 396
399 1626 77
123 1778 710
1684 291 705
1471 1227 772
885 862 786
798 1682 549
234 866 195
1887 1549 867
579 1549 498
1505 979 201
1083 1765 378
1279 333 240
1638 1918 368
1945 953 237
1017 1467 144
1347 98 944
1591 679 45
1363 54 344
1658 258 901
1621 306 260
918 1469 592
496 1832 798
1506 1 575
1002 526 457
1077 672 465
447 1241 585
564 997 864
1604 1022 454
1124 1033 748
1342 61 829
1566 1724 356
1518 37 639
1560 648 939
1943 90 135
1203 536 611
1775 1578 82
1829 1792 247
1363 830 511
1265 1469 58
1559 1178 403
637 1463 660
314 1831 382
1050 304 853
1156 1946 261
822 1448 48
363 1739 9
278 239 365
938 832 781
1369 498 653
1961 1843 178
21 277 345
310 1158 500
82 15 643
1222 1029 441
109 57 24
1934 621 248
1746 1070 872
896 1350 202
37 547 988
77 1860 832
610 1127 76
1833 116 935
740 1359 513
1846 1604 778
504 754 666
540 936 462
280 742 717
1473 912 637
1748 833 29
955 1405 94
688 810 433
1849 1762 240
1088 1121 484
1419 945 548
718 1816 950
1358 319 524
559 524 785
902 1741 499
553 1047 208
1812 321 986
1167 44 246
1337 1582 907
859 919 935
518 1712 356
1849 1238 644
1960 1883 520
1374 580 297
1330 125 909
1145 897 737
1355 559 278
230 1500 391
1609 1595 747
1512 1723 764
647 13 986
85 668 28
1751 64 349
894 1463 457
904 707 260
1221 569 821
791 1365 387
181 1851 571
310 790 79
1280 944 209
1162 544 683
756 1882 988
1281 210 147
1096 182 798
1066 1946 548
1572 1925 643
651 1053 569
1080 1896 13
1881 85 986
502 448 204
1091 1414 374
213 537 387
271 811 15
340 1071 180
1045 331 348
1758 1824 105
403 428 840
1844 1816 550
717 1696 986
743 956 902
1052 1675 467
1402 1050 575
1174 683 261
1254 72 506
141 537 90
18 1735 526
1462 1665 240
105 1234 748
1204 874 864
1608 1198 382
538 1209 350
1271 1973 791
750 625 136
71 921 211
1910 930 733
146 1402 151
778 782 705
998 665 268
144 842 366
159 493 245
666 1382 987
950 561 445
1129 1996 670
1113 1938 55
428 484 143
611 1893 301
326 1169 969
649 545 729
229 77 965
1357 245 721
1448 494 97
1005 1450 929
1378 1290 121
76 716 800
622 1689 994
577 403 460
281 1367 330
1576 911 253
1878 98 600
658 728 586
220 1149 258
1664 1225 283
1136 311 502
1031 789 348
831 835 986
1850 600 199
21 143 463
1136 532 900
1370 899 860
1984 226 116
1195 1037 759
124 1075 888
1751 1627 993
1869 1827 611
869 1313 952
95 924 892
1497 479 129
1021 445 462
540 432 220
1795 201 120
1635 1457 393
1988 537 315
1085 379 471
80 1066 475
582 1036 928
690 111 239
120 464 671
645 1643 798
720 1172 763
1113 249 811
1664 501 651
314 1740 449
1026 990 402
795 1365 444
156 471 226
393 387 863
107 851 407
1812 257 989
1394 868 396
1557 1592 241
1408 814 568
1030 15 26
399 423 591
1331 58 466
406 276 748
1317 1467 599
384 1569 515
713 995 693
44 1630 973
389 528 580
704 375 216
740 1676 331
1045 562 144
1967 718 3
1115 898 825
1215 184 360
921 199 258
1255 1234 664
1128 1345 195
1102 694 724
1007 69 934
918 1697 856
842 1361 396
754 150 917
866 901 711
1268 18 93
569 1310 984
1812 952 62
1982 1937 307
1855 96 174
103 454 843
397 1095 559
1521 809 433
49 1113 452
912 1686 380
1550 1597 83
830 1228 546
1969 299 315
1614 859 43
69 465 826
1967 414 243
475 1640 212
1828 1703 907
843 1217 860
1358 206 863
26 965 852
541 1348 562
286 1637 319
281 903 659
782 915 146
274 1164 994
1835 1990 915
1414 1946 203
324 1206 505
313 653 985
1590 1287 532
1152 171 806
190 1628 970
1474 725 53
1687 472 432
999 180 870
915 1859 143
50 1948 728
10 269 959
1291 1900 279
313 1628 978
1148 1920 359
1827 1858 356
1314 1879 645
1692 1642 332
143 630 226
1948 559 845
360 1949 121
1376 1715 259
1243 559 178
409 1189 614
1053 1505 488
694 1530 992
575 1027 784
1086 1170 147
365 497 551
1057 167 351
525 641 0
459 582 994
748 521 72
582 591 262
1482 1468 703
1305 1963 374
693 535 964
314 112 33
791 1205 835
95 293 173
880 970 457
1780 1982 83
1910 1118 632
267 240 329
1834 1062 337
1863 648 626
689 1934 891
1305 1191 28
195 589 939
1593 1259 305
1104 1240 449
1127 1844 490
1821 1576 342
212 806 69
645 563 173
1655 1053 44
1323 116 922
1981 1820 896
920 1426 861
1824 99 272
1339 454 401
92 354 581
1107 81 540
1795 1904 307
313 697 412
578 794 627
1777 171 841
1398 337 788
1195 19 154
1996 1971 393
1943 348 593
1112 1075 994
471 818 89
571 161 124
1276 971 621
1382 1686 183
41 1270 326
854 1159 366
1046 1812 898
466 1346 850
364 432 839
60 27 687
1749 606 628
1781 1826 377
329 1090 346
1164 1081 625
1288 1448 712
1162 1387 499
1242 1795 31
5 1507 267
154 1162 524
1672 1481 724
1590 812 739
303 644 222
1331 314 277
1004 1391 440
714 1729 584
1937 155 290
299 472 148
647 279 508
996 1914 942
112 1235 948
1093 500 263
812 828 499
1830 1345 575
486 108 479
533 1196 729
1948 1043 467
419 330 800
599 854 118
1610 556 805
606 1 708
345 1784 722
1984 865 116
1154 144 701
947 1832 877
1377 1441 731
897 1441 350
564 65 764
718 629 815
1926 257 120
856 979 956
1231 1628 523
1574 1286 332
1203 1484 654
1634 787 925
1701 1942 513
1783 891 363
1268 594 677
603 175 627
1461 321 89
172 1824 543
627 1427 821
102 1715 858
1447 1084 267
1403 712 440
195 588 471
1468 762 269
1265 1313 361
651 152 841
646 1034 76
527 621 998
426 901 395
361 366 346
1315 1979 828
1120 1053 962
1565 519 972
1581 1289 759
1532 161 441
1665 984 892
1642 582 805
541 800 129
1904 1052 280
67 1488 314
620 900 535
945 1592 180
1838 1177 917
35 1169 703
1196 822 526
1077 1180 896
811 331 47
1405 139 281
158 753 405
1609 64 326
180 395 682
1774 627 588
907 1052 72
1617 25 806
1402 603 641
1450 577 527
1425 999 262
1639 974 777
1751 519 399
1418 392 3
850 1227 562
524 66 812
158 1221 311
1734 143 143
574 1414 176
1745 1353 597
63 1712 209
1234 693 388
1343 1409 438
1572 493 167
1190 1868 290
1177 1768 247
150 1656 433
49 265 244
1054 1802 537
880 118 301
239 1193 711
135 672 732
1862 1559 259
1122 794 262
312 376 385
1682 123 318
1925 957 79
1232 1500 380
233 1737 394
995 1072 588
856 1151 754
747 1933 758
633 632 882
22 1419 43
321 1899 814
149 1946 62
1834 783 981
1645 906 543
547 1305 712
1208 1790 179
687 1531 708
313 957 677
645 1189 706
25 495 279
1650 775 127
1124 1844 789
393 1983 245
1230 380 92
1475 591 94
802 387 570
819 1998 485
1668 897 946
1357 1221 461
1287 563 697
698 1906 336
185 1396 783
387 1515 878
692 1439 327
956 1107 560
784 1284 668
59 1844 496
496 1599 83
1123 994 29
776 201 373
1123 80 836
1553 1305 64
825 1116 610
897 1562 828
1937 1876 532
1296 122 777
1941 1024 906
1127 530 429
1381 88 545
1897 1044 860
130 917 873
462 862 306
780 1595 10
1143 1149 625
1842 704 609
188 1894 195
1748 896 987
1045 228 799
1597 537 292
1527 891 193
1323 1109 667
925 43 708
1011 850 54
692 686 389
245 277 394
841 1338 216
53 1457 293
1599 1700 151
1724 1053 947
1653 242 866
1516 663 287
1060 1611 16
1712 762 343
1446 156 864
443 1171 957
172 1165 473
1104 497 549
1752 1332 219
439 222 339
1795 1612 703
1881 379 361
1945 818 515
1442 581 476
935 599 483
595 1544 955
214 219 994
1196 1939 922
1047 1393 29
978 1421 370
835 1313 434
1765 1562 982
1768 1053 972
1836 988 119
537 1394 646
1379 650 304
344 314 696
1817 251 783
1041 612 845
577 1352 912
696 1617 707
301 1180 191
113 1699 634
238 1991 735
539 1142 433
1583 1246 588
708 1378 476
334 162 805
262 1964 603
1411 616 164
1364 790 398
465 73 111
1778 1539 179
1756 1896 341
878 1219 665
1048 1316 856
169 665 647
244 1200 577
1003 484 212
1411 682 456
1310 188 973
84 1758 65
462 1267 118
1143 394 421
258 491 810
159 1446 480
1981 577 609
1427 182 337
236 42 7
1884 1443 308
1529 1639 456
1858 541 549
246 579 253
1841 1762 898
166 1509 974
1333 1015 667
469 993 892
1835 1568 920
288 697 106
1077 261 233
1699 1185 481
1962 1465 158
1809 947 829
1413 480 862
1721 1196 686
582 438 523
626 716 846
1241 63 759
1564 863 214
177 1082 71
1012 1354 983
