400
200
183 113 578
352 79 926
158 280 12
67 310 442
4 390 260
368 327 872
319 47 72
336 45 349
87 249 389
273 8 803
386 360 812
388 44 456
67 308 2
33 126 500
304 8 8
297 355 339
348 95 665
231 93 989
108 41 582
136 97 326
61 381 141
340 265 392
168 243 35
328 250 731
133 114 773
334 333 568
221 80 552
52 398 148
244 193 866
254 148 809
347 286 343
214 276 480
125 158 396
33 17 729
333 166 414
234 201 375
192 352 758
255 392 290
138 287 542
52 364 243
23 387 80
333 357 415
201 125 827
56 382 239
271 34 244
111 185 80
122 65 696
278 390 118
52 87 555
32 103 96
144 237 397
181 57 516
65 27 753
0 44 481
25 221 352
357 64 643
262 255 537
302 286 595
100 31 654
321 215 561
19 256 906
378 99 30
388 340 254
90 111 200
2 234 490
29 311 280
13 387 771
284 355 584
146 98 647
98 162 860
232 314 790
34 3 952
310 365 86
74 89 205
72 277 418
232 264 181
184 286 451
119 66 912
348 53 882
185 321 29
343 115 940
391 117 823
370 246 610
137 99 278
164 45 993
168 299 301
339 351 165
235 71 156
128 10 845
112 363 15
330 290 161
350 56 81
18 57 440
269 11 832
364 13 647
213 281 740
254 254 196
397 111 332
364 42 480
365 297 100
35 45 260
42 263 312
275 42 186
249 285 182
10 192 341
332 232 790
35 143 427
75 227 636
223 9 398
344 148 713
241 330 877
27 36 656
288 353 538
215 225 383
184 7 591
265 366 535
39 115 936
232 129 273
0 91 837
243 251 659
259 96 684
156 254 192
214 203 844
143 173 3
52 335 323
297 106 799
383 144 204
112 125 775
7 149 437
394 136 792
69 25 204
322 369 394
19 304 218
24 373 776
87 146 155
248 87 255
227 94 916
305 257 975
1 159 309
271 369 994
259 233 738
63 132 853
340 204 222
164 115 715
377 268 290
222 97 190
375 378 860
244 105 169
351 225 285
272 77 155
309 24 402
178 203 824
179 278 889
190 278 598
396 358 810
278 109 844
91 389 409
79 142 993
58 157 310
0 144 803
175 206 722
36 351 151
53 386 623
313 107 703
32 71 286
226 50 901
22 63 783
83 8 59
353 1 526
288 260 895
44 57 794
392 185 399
283 213 431
356 323 347
26 350 135
8 299 406
231 117 197
378 371 971
54 132 907
209 325 760
54 53 57
284 298 436
253 153 400
99 261 74
339 97 696
81 177 308
278 201 701
226 32 674
384 2 122
191 111 936
359 143 695
327 396 648
390 106 923
25 4 214
261 131 800
238 349 568
49 206 170
56 161 267
358 84 3
199 354 539
