5000
2500
2007 2719 683
4689 3691 314
3625 4074 364
3748 871 753
4152 2035 190
376 1544 29
3246 132 453
1016 1963 442
4131 517 99
2290 999 227
736 2189 102
4907 54 71
4128 1474 873
3827 836 542
721 2271 934
2761 4002 442
2665 4985 175
4863 4969 366
2756 4768 13
302 239 290
1072 3607 353
1580 3433 610
3546 975 165
3531 3707 247
348 4826 547
3705 3367 756
3633 2159 294
337 3598 706
4794 2968 474
464 208 591
4303 1335 705
3535 2798 557
4709 4749 823
990 3251 453
4962 3791 67
4360 4381 34
4860 1780 104
2557 1755 269
2338 4374 211
2253 142 567
2342 3704 501
1448 2403 961
4321 3346 666
3945 710 475
4310 2319 908
2944 1418 60
1330 803 653
2306 388 997
2951 2307 567
1680 527 305
508 3085 245
4087 3296 96
4248 2800 497
3139 4897 652
78 910 904
3994 13 500
2748 3042 576
3590 2961 715
4989 57 121
4447 35 414
2568 2511 819
3538 3958 667
752 4906 137
915 3472 941
2870 1597 665
3729 4389 360
2534 534 107
3265 1949 292
4666 2576 854
1713 2996 865
2784 4731 206
1877 932 688
3388 2905 341
2388 4024 538
221 3927 624
0 4789 46
4714 3638 462
1116 4410 959
2704 1976 929
759 4186 808
1779 85 669
1336 2322 499
4085 4870 660
150 81 931
2010 426 249
457 355 797
3581 1357 689
4653 2342 754
1699 2099 900
866 2707 535
3772 963 279
2346 4956 533
3171 1183 328
4769 312 324
4268 1240 894
1523 3479 348
3854 4221 335
3148 4192 892
1267 792 652
2046 2218 552
2634 2393 136
1868 3321 393
225 3461 854
2284 3631 886
1897 2586 463
1629 3707 333
1272 2181 546
1595 561 466
2831 3154 340
1750 4707 625
651 4717 477
1485 999 830
360 3631 322
3539 3019 840
661 2561 60
833 1989 920
1973 3403 261
4694 370 52
1933 4052 973
1031 4886 403
1378 1599 385
1947 2684 173
3961 2469 115
591 368 317
3054 1569 466
493 4588 723
1816 2511 958
1432 1567 259
2817 1244 800
1036 988 297
3429 500 21
671 4851 598
3664 4385 44
4800 1661 921
4464 1996 104
4318 699 458
4298 2276 94
410 1199 932
4462 478 297
2585 540 217
3104 1981 236
3338 3267 200
1987 2932 548
1234 3764 494
1947 4495 81
3262 2514 732
1652 4655 42
2398 1008 429
431 1551 975
3980 2714 107
422 4190 717
339 1364 73
212 2044 731
3973 3937 573
1841 763 789
4506 2958 303
2281 3336 253
4010 4795 231
2989 2311 14
3259 4284 651
2639 2185 559
849 4113 232
17 1240 235
4116 2854 210
4512 291 523
3247 1294 796
2386 3348 917
1740 3440 94
4231 3967 406
1869 2272 198
4543 3377 972
1965 4288 234
137 3547 56
3060 2314 58
470 2270 223
2512 2346 190
3079 2624 144
3746 3845 427
1527 2296 113
3863 2656 104
3456 4602 469
2001 1432 929
4044 3654 281
3645 1433 68
675 3839 195
510 3768 387
3233 4718 791
1753 404 434
2803 4613 79
303 4337 942
2698 229 723
258 4252 126
91 1187 594
1924 4181 751
80 1538 175
4166 3030 875
583 3349 279
60 3833 57
3074 900 801
3900 3100 761
4461 4216 884
2371 589 208
4159 744 284
4430 1135 45
2044 3003 659
3753 3022 697
4755 2841 121
2253 633 754
2930 4147 352
1963 1281 952
3049 4457 402
4530 4714 207
4634 4472 135
105 4505 745
1883 2638 882
1503 3211 966
2415 2898 697
2433 631 447
4444 2161 331
360 2962 848
2409 1422 4
3000 4075 874
4324 4678 354
3924 2865 881
3811 3280 165
2968 3563 756
1548 2718 695
4112 2081 752
2538 4830 722
4179 4416 270
2183 1927 46
183 450 375
2231 1305 453
2600 1719 228
2471 4721 347
4032 1901 286
3555 4224 137
541 3148 518
3999 4826 811
4145 3937 719
4707 4776 277
1367 4527 586
188 4302 945
681 4635 797
1925 4449 878
3342 3350 274
4005 2169 346
4134 2488 699
1843 3855 502
2142 85 96
1074 1331 517
4971 777 754
4403 3841 46
1959 3090 647
3329 359 176
4940 1802 876
3235 4385 837
2074 4205 937
3696 1530 824
1515 1374 960
2744 679 824
3259 2994 669
184 1376 405
4303 2889 482
2435 3977 798
1928 1857 310
1182 2819 476
3251 1975 464
3800 1842 841
3884 4051 413
3899 3514 470
1747 3300 502
3726 173 775
2886 4005 112
2304 1735 718
159 4940 345
2531 4168 320
3819 4360 744
3836 680 355
2233 1661 197
931 1419 850
3595 820 972
2674 1326 86
1682 396 364
2007 167 70
113 3137 976
2910 1670 629
3904 748 882
3929 3573 941
2082 3724 47
2988 1861 598
2198 2737 233
1043 787 907
1637 1416 685
4698 826 729
4269 3589 447
2615 1321 892
1357 3708 429
3334 4504 388
4727 3991 937
1219 4311 600
3258 2109 33
1593 3708 423
4723 2411 156
2447 4740 941
300 21 64
3391 681 619
342 1340 971
3682 2190 267
1565 3178 289
4417 46 563
3932 461 87
4186 4803 670
360 287 465
4819 1844 811
3276 4293 543
4894 4599 827
2875 1333 164
2636 638 3
2169 4255 124
2371 3536 60
4002 502 7
2806 512 990
1688 523 186
2227 2325 677
763 907 776
1403 2697 207
30 1870 257
3856 6 882
2420 873 441
2331 2664 158
2399 2246 147
1207 3444 73
4938 4918 739
1610 850 668
3398 3634 533
3609 3153 86
1991 1111 400
4737 4301 561
3579 1009 865
1932 4865 585
234 4079 30
395 2222 529
1036 844 690
306 2261 535
1809 3654 138
2016 4786 158
256 891 184
1151 3473 113
2906 3494 337
2965 4931 818
1772 948 22
4329 713 445
3159 2643 22
3590 2970 60
3511 2011 286
191 187 551
2371 2882 989
702 2367 609
313 1218 523
415 1577 365
2558 3007 821
308 484 932
422 2389 254
583 475 950
1038 4763 349
119 4945 488
948 3045 715
236 4953 835
1287 1997 971
432 3112 175
3584 1200 574
2644 341 97
249 4850 839
3007 1636 265
2314 820 352
2925 2181 19
2235 2501 654
3151 4690 210
2445 4248 516
1112 1578 525
2372 2243 451
4340 1476 738
4357 2671 469
1203 1549 453
3591 4875 502
4776 441 210
2876 1803 380
261 3728 672
227 1585 514
2446 1140 96
3338 3032 80
713 967 74
1520 3432 578
1084 3691 160
2340 3562 979
1525 4744 972
1837 4582 222
3823 3317 630
4611 2681 318
1290 2665 632
2510 2271 236
2610 2275 423
2553 4829 181
3008 829 350
4678 2484 77
1585 2642 566
1427 4312 596
2772 2924 908
1214 576 448
415 1692 281
812 3346 275
648 3855 361
414 1853 489
647 1882 219
2226 3094 597
4829 2651 134
473 2682 737
1087 5 482
4975 4330 695
2718 58 146
1916 4958 322
2411 4936 442
3482 4282 386
2908 1005 603
3934 3774 451
4624 2304 764
4073 4509 662
3201 149 264
4806 1225 637
1036 2403 463
2220 4501 841
2309 2535 570
3602 2280 717
3811 1287 540
1168 3306 938
4318 2774 687
2480 4180 905
1562 386 699
4664 1156 512
4931 2552 646
2844 393 230
3891 4116 219
1751 2746 57
3900 4996 568
3260 2550 464
918 2418 433
1193 4933 173
609 3068 458
3440 3765 109
4678 4748 803
1863 1911 191
4215 791 331
373 3473 662
2437 3260 427
2690 2783 366
2276 2315 149
762 3654 995
2177 3971 14
4408 1470 349
2783 4647 242
4901 1727 158
197 3034 672
4011 3849 212
3552 934 213
4014 2398 631
4355 3724 392
2704 58 22
1573 1153 448
3091 545 746
3556 4980 863
3300 4270 452
4483 3848 224
375 4955 395
4615 1080 5
1412 2862 846
1690 701 579
3492 928 445
953 4082 327
950 1254 895
1247 4695 533
3012 4038 62
3080 358 351
2575 1823 641
4907 4876 810
3072 1383 709
1752 4043 535
1241 101 718
465 4607 110
4261 1534 33
780 1819 870
3349 3389 397
167 3319 396
1467 4385 743
324 4075 533
2043 1789 288
3198 3674 167
2100 4579 504
4179 4878 484
568 228 871
3350 2828 577
3160 4233 12
3310 273 724
401 680 903
985 472 876
2831 1178 464
2992 3642 868
2382 883 715
133 232 745
2479 1041 19
2897 2138 99
4365 4242 387
2132 3175 688
3165 3411 336
1874 1799 551
2276 4647 504
1097 4399 781
2408 536 263
2597 4154 277
2518 4550 384
2776 1701 637
3400 521 891
4002 3234 750
902 895 789
2191 3240 589
4087 2188 807
365 2164 98
4313 2831 967
3423 2623 590
1550 2829 464
3160 1478 518
2937 429 781
2228 3344 514
3948 595 848
2169 234 735
2280 2886 938
4728 3773 124
656 3491 897
1821 3681 468
2549 3735 884
2485 2809 998
2001 4348 230
1556 3572 392
1821 585 388
2397 4800 26
4840 4098 125
4011 1404 362
1294 1489 387
2971 248 985
781 2843 652
3544 4692 500
409 4814 122
1753 3961 962
1235 3163 13
3782 4406 229
4265 1196 991
1304 1682 93
2357 2802 828
1803 4898 472
1488 2848 469
1513 365 600
1280 1209 66
2099 2281 524
302 151 351
366 3402 192
1112 2043 751
1239 1507 637
1435 2896 839
3119 2588 414
3837 985 545
3622 4420 254
2892 1288 897
4237 4534 291
4352 3986 876
1598 2857 954
1184 2738 257
252 4934 963
4195 4653 559
172 3314 790
4393 4182 521
610 4476 427
957 4997 727
1202 3198 666
503 4131 178
4196 4308 921
3308 1669 230
3140 341 772
4675 1464 576
3017 1638 354
1573 399 822
2499 3465 309
1101 1652 417
4822 658 426
2258 1706 282
1504 1787 382
2776 2169 733
3610 4511 115
2023 1576 907
433 4615 539
516 84 378
3853 3863 833
1745 2054 680
4392 3653 777
108 63 675
551 1513 739
692 185 474
4366 3230 99
4661 4507 833
3572 4039 373
599 793 256
1062 1021 950
2792 3476 616
379 4722 481
3886 4253 351
1704 2469 113
1158 4220 996
2420 4686 869
1600 826 63
2791 3933 965
4561 1544 280
1940 3636 758
2377 1489 266
4101 1469 691
3359 282 396
3713 1796 247
2110 4818 341
130 359 195
2714 2987 777
1203 4366 992
68 1385 212
703 3826 372
57 2616 85
2177 4043 926
4654 2598 910
3022 2292 929
928 1675 629
1585 2156 998
4020 2093 78
1311 2023 18
1850 3090 275
4037 1356 673
159 4778 967
4641 3457 615
1243 3701 62
1870 1166 907
4650 3171 747
3276 2402 4
3312 445 34
3304 4135 4
2605 4141 364
1664 183 659
275 3401 157
4732 2822 392
4840 1238 371
2667 3605 216
3368 3033 660
2157 1942 305
4583 1231 273
1186 2623 404
4269 2133 550
2899 1308 131
4247 2773 105
1161 4231 155
4482 3639 97
4988 3653 596
4813 4286 646
3843 138 459
675 1142 936
4526 3396 23
3919 22 775
947 2857 996
2617 2026 151
3670 3068 115
3168 405 763
2138 4467 293
2437 781 864
3303 4334 646
673 2526 601
4392 3933 139
3997 1548 514
3375 4112 675
4549 4840 4
1524 3865 946
1454 3406 18
1663 3902 290
4871 2508 230
3344 2707 261
3057 2979 629
4322 4927 868
349 846 937
2503 3552 221
3258 2934 618
4077 734 793
988 2361 222
2251 2704 433
1496 1477 162
3771 437 406
4899 4188 276
4689 2458 140
490 3100 355
719 1147 100
2440 4340 767
2682 3364 530
4508 4064 269
4305 2764 801
3072 1503 584
4355 4612 22
1231 3740 451
658 329 457
1520 294 730
1631 2848 929
3358 4098 32
4700 1589 582
4595 2184 184
3822 3034 145
2384 3371 204
4030 57 168
122 4503 139
1120 2503 382
2063 2905 610
373 1841 151
719 4942 258
1129 746 430
4337 2281 519
4222 1777 377
1635 4872 299
4154 1419 184
2576 2261 138
2612 4479 181
3540 2950 532
4244 2957 375
4548 2664 95
2073 3277 732
3466 1369 263
2893 522 667
3534 2891 332
4381 1929 110
1055 449 524
597 61 803
2629 1367 959
3282 1093 325
1560 1330 501
506 3505 613
2898 4781 310
2549 686 474
2341 3805 646
3137 107 613
330 3469 934
3580 1816 489
2184 2472 494
59 1391 595
965 4237 960
3571 1744 458
612 254 768
4289 4797 42
1343 889 996
1854 903 490
1436 2311 390
1754 755 651
2170 162 424
727 3339 79
633 1317 529
4918 212 327
1103 4276 550
228 1953 177
2338 4219 958
1186 2179 923
4252 515 509
2665 1146 928
2391 2978 678
4072 900 509
4931 409 369
1065 2207 218
103 4342 626
4791 2664 516
3169 2097 38
232 4708 157
3739 896 798
2375 4117 57
715 52 804
3891 911 965
4806 1807 28
1238 4910 194
2526 617 293
4460 2624 829
784 2159 635
3252 4352 689
383 1013 849
2826 1975 278
4715 4378 278
2312 3622 552
2646 2491 890
3216 4561 908
4896 3269 185
510 2463 79
3147 4934 693
4191 957 263
4731 1620 437
4730 1314 795
904 1971 601
1611 2577 745
2903 3357 984
4279 4411 753
1389 1671 832
823 1464 812
1347 2914 338
672 2945 452
115 2414 595
2271 3762 429
1369 50 822
4077 4624 801
786 1290 57
263 4288 261
4074 3510 565
1391 3779 269
3862 552 180
2274 1639 447
1777 260 469
807 1249 529
4023 1353 745
816 3435 439
4877 2228 748
4352 635 813
1123 185 755
748 756 147
4762 2609 775
1237 653 605
1725 4391 548
4924 1734 880
3917 4357 434
2630 3512 794
4811 3827 664
243 478 832
3064 1304 955
2946 4552 939
1652 502 726
4383 3306 286
52 164 771
2996 2754 312
2390 1452 898
3045 1161 626
1828 2138 934
3448 3060 539
4844 4791 131
2155 1941 96
1353 4198 71
4920 241 225
450 720 655
4105 2998 892
3305 3542 922
3561 3472 345
3553 1527 712
230 4722 638
633 180 767
2800 1620 525
3014 4574 454
1963 2543 830
4704 2923 899
2412 586 892
1611 3900 820
434 3193 100
4937 1981 915
1094 1356 678
693 1242 427
4386 1744 215
797 3932 395
2168 3987 520
4312 2086 697
39 2774 107
1923 221 143
841 1892 141
4805 3480 298
1669 3073 10
2837 4912 392
3300 341 721
4675 795 935
2176 337 634
1474 67 721
1873 3624 454
3155 4122 886
453 789 499
3108 3691 733
2423 879 422
285 987 212
3957 3018 927
560 610 676
699 2573 997
1512 4351 562
2078 2987 195
2296 2018 954
2566 3710 170
2183 414 792
2204 207 763
1128 3994 631
2264 1132 173
4008 407 879
4731 829 350
3961 2618 727
1706 2772 555
4371 1142 817
4561 2587 331
1728 1225 54
2335 524 502
481 2442 889
618 3240 575
2913 1627 136
2041 1699 754
1086 4922 592
4867 3500 474
288 4416 735
819 3687 301
3189 3546 365
1642 4591 730
4367 1555 940
3649 3520 65
886 208 791
3579 4703 765
2218 164 276
252 2029 475
2469 863 966
4191 4656 511
2323 3476 836
1140 82 64
1468 3010 783
2986 1571 204
4992 4102 702
696 176 656
140 2296 670
1536 4088 671
1012 1420 235
4836 2474 892
3120 1594 167
4077 2569 873
782 273 966
4177 863 584
877 4838 431
2108 1749 58
4671 4986 881
4155 3318 248
1691 1378 176
347 833 227
3673 2298 999
2337 508 468
4801 2193 305
2260 1273 325
1011 1793 903
3079 832 78
1194 1713 907
4712 981 16
2052 1450 331
4058 4910 308
4499 3079 736
917 1624 583
3628 4431 994
4496 2261 316
4811 4146 314
550 1596 562
58 461 932
883 479 525
2154 1779 674
2343 1275 809
3144 375 570
1116 107 670
4391 4796 870
1709 4616 862
730 1519 839
4534 1955 536
4336 3408 571
2338 742 696
3693 3447 983
3684 1405 739
676 4909 591
1921 2014 634
454 3801 835
4684 946 322
666 4549 524
2247 3596 631
1775 4814 40
2898 2618 133
1519 3036 22
3698 2715 165
2234 2532 211
1735 150 428
1607 4956 323
163 2065 340
313 1458 689
3021 4546 117
2237 2503 406
244 3978 325
4056 661 944
3733 539 298
3167 4294 282
4195 382 595
561 4802 743
4537 849 286
4448 3004 256
2071 389 628
497 3415 176
2479 2792 762
4633 2751 712
2267 4477 840
4439 4805 746
2683 4728 196
3507 2512 743
4955 1521 428
4826 4295 673
859 1116 668
32 297 688
3439 1705 334
2696 4162 33
199 4624 710
1434 756 105
2694 4366 787
1500 2761 936
2144 3959 296
483 3012 204
4703 2190 84
1418 3859 628
4899 3743 618
1062 2683 315
3196 2565 91
288 864 307
2934 2110 998
2083 2033 54
4851 368 450
2992 740 976
2319 2007 409
159 535 530
4409 2568 878
1668 3419 288
4681 3134 149
2513 2469 343
2427 290 438
2984 4523 516
4789 2052 894
1541 4716 638
3672 1524 854
2801 710 256
2775 906 443
3886 435 209
3578 4930 430
1057 2324 576
1235 4524 292
10 382 66
4164 4742 605
3975 4101 375
3219 4752 843
3752 2328 509
2905 2383 243
4363 561 883
3799 2659 871
4795 2627 113
4692 1685 976
796 1489 612
2458 1500 712
2825 4357 835
3361 2747 521
4043 4626 513
536 936 37
1583 299 26
1109 313 449
366 3331 910
3320 3780 143
3357 563 608
1095 4287 460
2836 413 33
1343 4124 514
160 381 589
171 3258 30
285 4719 434
4261 4107 546
3966 4439 418
660 109 672
3416 657 913
3389 2007 23
857 988 396
523 4612 842
1701 243 799
317 4870 751
2907 774 891
2652 414 913
1241 1215 542
4884 3514 595
2753 4322 432
4868 3930 376
1691 145 891
4231 665 130
3774 3089 492
866 2108 752
2077 3564 557
505 2204 866
792 1046 752
649 3390 286
4226 986 733
2046 3745 973
4251 4599 768
395 2128 83
1154 3235 837
2861 637 486
4458 1067 825
4996 4914 131
2444 3474 768
4761 615 537
1597 601 108
3035 3788 216
3868 4967 579
3343 3958 125
1299 4749 823
1436 4298 915
2705 2937 489
4839 357 185
839 661 298
3157 3004 82
4675 2544 466
1503 4795 398
3160 2035 414
2683 1568 519
4855 1052 826
2660 3802 982
667 3865 379
2787 4607 104
3677 2082 795
2557 3745 313
2162 2715 685
3143 4942 688
374 72 169
4198 4312 935
99 3361 171
1971 3169 583
4750 1076 99
682 2448 432
514 3234 536
4032 2863 717
4068 1401 31
3875 958 310
1049 1426 932
4831 1404 864
2397 1467 690
60 3332 379
4919 4990 457
2809 3766 571
907 3507 961
1586 896 586
3773 3905 48
986 4527 814
2689 3353 175
2760 248 162
326 443 710
4193 295 616
3402 219 613
3350 449 664
4088 3003 355
4367 4581 306
4431 4910 757
324 3127 450
2921 3717 252
2157 2133 333
2502 2053 51
2665 1459 390
3958 3150 601
3773 2988 249
4710 2927 980
3031 1423 49
4171 2073 805
2342 588 962
919 1780 584
1699 896 485
340 216 191
627 52 14
4928 2840 986
829 3358 665
649 1653 499
1926 496 16
1629 1841 910
4448 2755 161
936 863 130
4997 1909 801
4061 3824 814
1084 1879 331
3165 3342 21
2304 3879 550
3101 30 956
1159 2392 67
2788 1494 877
2678 2277 137
2630 1722 60
1844 2553 657
4374 4544 796
3191 84 130
4339 3384 60
425 3280 732
3213 2126 704
242 972 833
1932 1718 906
1888 4480 654
1445 1654 492
4517 4140 57
441 4799 801
340 328 647
460 1658 709
2769 2232 576
558 2667 92
3519 2944 839
3613 4525 887
4965 4663 596
1401 224 793
4511 980 189
4974 2309 392
2179 3303 531
4119 2898 700
1484 4970 260
2396 2941 943
521 4375 695
4642 1982 465
4717 1160 946
2554 3203 141
2886 3176 454
2802 991 730
2948 4628 131
4175 208 294
4456 800 88
1062 4020 98
4973 4640 100
2406 4367 803
2417 1827 343
3749 644 852
1407 3638 759
1073 1273 954
3695 4812 63
754 1664 291
1446 2339 95
45 1118 526
4200 217 198
4984 2935 874
4157 2251 918
3535 564 611
1069 2093 770
4623 199 307
728 2281 232
3367 2484 29
1789 3121 657
3108 845 210
589 4583 188
1149 1036 365
3564 266 617
3630 3311 782
728 2162 130
3483 3617 294
1199 337 608
1383 2776 692
2033 3242 880
3314 4529 555
2124 3505 527
170 1384 47
2589 1312 8
1333 1783 365
2271 1843 977
2915 2874 586
4963 4810 776
681 158 938
4253 1609 161
4939 1913 619
2893 4095 532
726 1158 656
3702 3184 624
2404 1642 700
4615 4631 165
701 4706 681
303 1385 634
3199 1065 483
2339 3611 837
2003 1022 802
772 4592 460
2786 4099 4
309 2278 893
1768 926 145
3057 4808 165
4893 3785 860
2039 1523 691
4366 952 881
4455 3991 388
4692 1235 346
2668 3883 832
439 18 798
3175 243 788
3310 4291 133
3840 1888 176
1414 4738 463
4898 1081 886
697 3237 877
3847 845 402
3881 2519 348
3273 2679 290
4322 1760 301
2977 3544 248
2795 618 344
3162 4252 768
823 1411 200
1039 4209 220
1102 1858 101
1085 4311 804
3220 4449 667
4512 2427 702
2167 3954 120
1739 1050 592
1948 2926 881
1169 1124 64
1732 968 595
618 3554 470
3517 105 381
657 1165 83
2149 3101 857
4301 2363 417
1383 4780 976
3110 2264 99
1005 3474 691
184 4722 835
1117 1418 905
342 664 483
3359 3307 169
1093 4889 556
1225 2612 103
3485 1122 301
449 1973 7
4824 3023 639
507 3553 4
683 4890 127
1283 3893 615
966 4856 950
1771 1824 216
4741 2914 690
883 2744 985
1950 2748 788
1590 2298 106
4626 4767 918
1945 3552 378
3155 4526 349
2772 4872 115
1237 1671 202
1963 1481 946
3197 2406 35
3019 2178 605
1209 4067 321
2502 322 209
4356 1911 834
4417 1200 362
4124 3185 364
2019 2591 574
3251 1005 740
1492 229 928
1322 1219 981
3482 1778 165
3733 3199 800
939 3901 501
1372 1171 446
328 3277 897
3882 4655 919
2283 3072 624
2765 3478 224
1019 4735 555
4199 630 801
295 3987 99
3547 2411 779
4428 4255 352
3968 4496 918
3105 903 701
3715 4573 618
2476 2674 262
1900 1940 188
59 2873 954
4810 3255 254
3784 4004 616
39 3959 335
4884 2891 927
4361 2816 628
1130 3053 642
969 1480 395
4959 2049 119
4557 590 447
2852 4834 217
4181 3944 273
1764 2871 298
4892 2701 815
567 1264 822
4057 4328 847
3950 962 669
3959 3678 618
2005 2167 776
2055 235 550
3002 3646 537
2386 3536 189
335 2770 129
3406 1242 955
3936 810 781
2314 155 741
2000 3459 793
1208 337 948
4332 3907 948
830 2545 156
2761 2058 809
2313 1322 546
1437 816 605
2242 3390 268
1695 4699 144
3 3126 89
4471 1965 518
4425 2050 895
2820 1904 876
3795 4196 918
4374 938 275
3995 293 698
2922 2669 714
2049 933 185
1309 3342 924
4158 299 414
3347 938 855
987 225 226
2708 1585 631
4829 153 847
1971 1370 354
4397 1204 968
3960 1113 227
4283 2136 541
1034 1766 735
4234 311 793
4741 2700 629
4158 3652 113
3205 1590 650
4641 4335 989
2084 1281 642
4386 4974 331
950 2827 877
3640 4779 472
2830 4712 83
82 2096 793
2629 2192 278
336 699 821
1263 4365 656
2957 4475 639
3380 2613 332
3725 454 447
4869 171 435
1194 882 338
567 4007 853
2965 4531 691
2963 3673 754
3221 3294 35
4908 1345 622
1452 27 170
1755 4381 867
232 2342 145
511 1732 778
2044 3414 672
1619 2037 360
1710 3415 331
4817 2716 727
4139 4838 686
702 469 853
3838 3410 762
2871 2095 376
2210 1786 764
2805 4975 1
889 4921 792
584 1811 337
1350 2612 851
937 1193 461
2895 1408 375
2284 4004 994
416 3588 695
2976 4160 343
277 2028 568
4231 3098 326
1686 2746 269
1810 314 825
53 3196 929
3283 2558 18
290 2163 353
942 234 995
4477 1354 684
1697 4823 643
247 137 562
1365 4334 43
1636 2790 375
3565 1332 496
232 1541 425
2135 1287 610
1654 4980 456
4336 2821 262
2315 3574 158
1894 2450 279
1549 3701 790
483 1399 275
3366 4771 338
2523 3610 823
2074 4044 638
4055 2298 589
4916 787 604
642 3891 647
4333 653 693
3107 3754 551
2469 4009 7
1751 1219 135
674 1838 150
4236 3699 170
4844 2400 6
3721 636 902
2244 3925 769
1377 4334 992
4299 4086 483
4258 4154 673
4277 3479 316
3962 1668 341
1742 2908 920
471 2465 402
447 2621 637
190 3511 253
1903 1766 169
1906 3149 601
4678 3461 318
3330 3156 143
992 4060 266
3773 1380 675
3635 1777 256
1918 4739 695
4363 991 516
4334 1690 402
3242 669 144
1805 544 257
549 3611 247
3776 4385 219
3903 4937 658
1577 358 541
3214 485 375
2215 718 130
3586 386 459
3208 4262 43
2949 180 353
2053 2884 782
949 3558 907
672 4469 903
2642 4741 360
2541 1037 762
4870 1187 573
4848 1431 93
2744 1762 710
1359 4963 256
884 1385 291
494 2401 698
1221 4990 984
2454 2613 913
1949 1544 135
2799 4685 190
866 226 187
364 4379 130
2477 4043 975
4603 1964 545
523 457 372
1168 3724 874
4582 4506 877
3301 1042 808
2148 3072 795
1911 1040 460
3374 3442 886
3768 2745 797
4396 2842 20
3692 1799 826
318 3820 171
3 1694 687
2157 4586 993
981 2539 8
3786 4329 886
4787 200 336
4249 342 400
1975 3319 727
897 4910 692
908 4981 869
3336 3493 94
574 1200 98
934 2810 520
3793 4979 855
2070 4881 627
593 515 231
3632 4237 691
3095 3912 710
1211 1335 251
1856 2954 203
3686 3486 293
2045 1560 919
2650 3088 734
1818 1789 965
2465 1196 684
389 1234 448
517 1316 195
4611 638 281
4835 3376 985
2778 1839 262
4678 841 841
3028 240 445
4211 1764 935
2752 2134 250
1693 792 385
2149 2576 357
1801 3205 507
4449 4772 366
3995 3530 914
1235 2068 719
2671 294 195
166 4723 890
4276 508 727
3412 3831 610
4881 4541 340
370 3531 839
1682 3570 419
4072 3650 246
2231 497 942
1448 1722 564
3388 4695 994
4034 2062 510
3039 292 719
123 2212 264
3035 2038 237
4273 4008 734
2390 240 645
2906 3447 368
4783 3110 840
3506 4947 119
3426 3672 906
3808 1425 383
3275 499 254
2313 471 221
4957 2619 160
477 71 556
568 4906 748
3662 1810 185
2282 2847 976
3614 3285 592
2797 3709 455
2932 461 191
1184 1849 525
2591 2725 496
1647 3366 50
2518 857 557
2599 2348 65
968 423 833
1052 2498 607
329 4928 548
1415 3369 871
4862 980 962
428 2647 716
2658 159 590
38 2965 621
3589 1558 937
1561 4603 84
4531 1930 680
57 1721 718
194 2260 969
1659 1091 304
393 3155 769
3428 3712 11
3791 687 723
3214 1072 689
986 2186 426
1745 483 920
3652 4472 704
2542 3682 571
3482 734 849
3071 1520 527
4829 2207 270
4318 4559 935
2881 1807 205
892 2479 659
2837 4115 946
3103 3322 732
1809 4899 374
3510 1475 349
1892 4910 882
3555 1940 402
3646 3544 103
267 3115 722
4607 456 971
4137 1210 141
4126 4684 16
2036 1701 110
903 2850 794
2630 2945 751
2629 3433 213
797 1332 207
2591 815 415
3632 1062 908
1423 3903 726
3038 689 872
717 1250 308
2516 1544 943
3389 4322 138
3943 3046 250
1542 3202 9
1310 3965 913
4826 4831 582
3023 4550 337
4422 2434 590
813 220 402
363 3281 533
1736 611 4
1005 4713 582
4247 6 722
3075 698 182
3491 4256 948
3832 1208 920
2599 1334 415
4491 4410 599
1248 1499 671
1508 4731 588
879 1824 646
3344 114 137
1792 1296 54
3735 4208 576
1273 2841 563
1862 3434 596
1847 1252 579
352 741 502
4092 2277 528
2997 2106 466
4313 4549 690
497 3673 872
4895 3499 478
1532 2664 816
2185 2090 92
2282 3310 245
4988 3136 609
4089 1600 746
1368 3555 651
2864 2123 642
1411 4208 465
3525 1932 306
2215 3774 441
491 679 908
4605 2773 16
3521 4179 472
4725 4557 786
1444 3038 857
4198 3664 848
4968 1640 435
2477 4033 629
1461 1920 223
4785 848 96
1642 3924 416
4469 4744 795
653 4019 486
4790 547 321
4177 2478 826
4588 2170 642
2959 3875 775
1476 3379 604
1520 457 888
1993 328 105
939 2722 676
4598 4448 950
1795 137 918
1817 3938 293
1690 2857 810
642 4531 614
4638 4912 170
1272 3219 797
1508 2779 663
596 3705 8
2308 2242 914
1311 3094 728
3736 251 302
932 4396 920
4789 51 222
3103 1888 479
2233 1858 482
4341 4838 511
2109 3396 521
1460 3335 563
1285 5 237
2858 2400 592
3019 1728 580
4576 3248 626
2285 4415 532
3111 2329 255
3123 405 279
2360 1403 139
492 2906 826
2733 2907 314
327 1846 608
218 3708 469
509 2199 207
3383 2941 523
1365 4952 309
3424 1784 586
2755 2909 780
1590 432 986
927 197 602
452 3714 134
1133 373 750
13 849 594
185 914 394
1863 3735 633
3975 2281 824
2841 3662 303
2142 3814 248
4255 3303 44
1162 4734 256
4849 1314 698
1573 124 170
751 2127 146
3704 1188 504
3850 1692 842
3790 655 777
1784 1614 764
3907 3409 397
399 3317 581
2376 4454 123
3302 956 564
2702 865 196
107 2904 893
2464 25 143
2176 4040 392
1464 4991 29
2150 2237 9
1695 917 416
364 167 673
4078 1952 302
1286 1890 59
1291 2348 14
210 1606 153
999 3713 215
3160 1481 245
4645 4886 980
3054 3125 327
748 4794 191
446 3179 123
677 4794 152
3237 4818 259
923 4594 137
4673 4170 884
3739 3609 438
2379 2769 496
1688 4725 606
722 4908 371
4846 4415 403
81 3912 544
2593 170 780
399 951 999
207 3127 631
84 3371 982
1957 2351 51
4877 447 152
3497 2247 633
3412 4632 416
3057 3152 701
4174 115 826
1591 3971 893
4143 1734 921
3679 3460 899
3856 380 630
4413 352 349
3090 4059 965
112 2122 525
4346 2469 945
2076 697 794
1331 4470 976
4485 4721 74
2521 3965 80
771 1787 99
4757 3690 982
1653 4354 822
726 2569 982
941 3444 152
4883 972 737
2308 3717 238
529 2199 398
2957 4071 105
428 1321 752
670 3152 821
1221 2966 293
3954 715 658
2109 2783 493
4736 2134 429
1951 252 954
4936 2835 586
1860 1382 363
693 1567 784
4960 1467 176
1946 3233 280
3886 4404 31
3926 3442 312
1997 1156 613
3588 1020 296
3269 381 71
2270 4197 576
4591 2698 255
3625 2930 146
4745 2185 8
1558 3408 365
1711 3224 126
718 117 410
4352 1530 392
1217 2642 866
846 36 704
3871 1198 993
4939 855 662
390 1405 679
1783 3339 756
4741 3906 684
1327 4894 597
4665 2381 706
4683 1477 526
1667 926 634
3199 4963 961
4430 3397 1
1517 4598 973
4929 598 619
2681 2833 178
2023 4741 977
324 4872 628
2431 2738 120
1899 4478 301
1969 3987 127
1969 1126 790
3734 4054 911
63 1570 573
984 2074 272
385 863 12
4672 962 660
1785 3590 938
1189 4784 113
1232 2918 124
4983 2877 321
291 3162 241
4647 3906 217
1078 2256 305
3319 1683 192
3505 3473 171
97 4495 228
239 2842 635
312 1234 391
3193 649 797
4668 3575 832
1744 3564 619
2319 4759 825
3387 891 205
3095 4711 502
3229 4258 224
1248 2536 656
1912 3732 156
19 1031 857
3362 2968 725
285 1273 101
1796 85 882
4047 226 894
3295 3028 971
3539 2589 258
359 934 0
4667 317 131
1293 3887 617
1623 1353 681
1726 687 458
3074 1928 657
478 2400 41
2070 3074 130
4623 154 699
2876 4248 173
4741 748 569
3763 1367 344
3226 2919 636
4358 81 3
69 2239 95
3490 4449 419
534 3799 376
2136 3891 709
2860 3987 541
1446 3555 809
565 3979 98
2568 3352 184
3545 60 811
1448 1358 860
501 1727 305
1150 3265 446
1374 1012 870
3170 4268 830
288 1957 583
62 3227 637
4316 4689 617
550 4953 288
4502 3303 151
229 4812 499
2449 962 422
2027 2180 203
11 3363 808
1092 545 691
4740 1218 705
3957 143 112
4699 4476 637
4522 604 910
3262 3147 906
2839 4598 520
641 4229 96
3283 1454 202
1382 4837 258
1525 3053 210
2430 444 990
3125 4367 623
4023 1656 44
4449 1781 974
2168 1684 736
2464 107 455
2107 1088 749
3962 293 997
491 1882 680
3049 2960 390
4122 4776 161
2194 4691 638
388 4206 593
3955 3523 6
1954 3200 833
4748 2203 775
2597 1286 961
934 1133 280
1896 2877 257
4848 1182 850
4265 2023 442
2264 2394 458
4251 4846 437
1729 2055 72
2033 4256 878
4450 2840 746
2696 4801 417
4060 1547 341
908 1675 726
3301 120 378
1736 1078 606
1460 2482 958
1123 518 575
3958 3938 83
2407 1708 535
4604 4390 337
857 2286 281
3001 566 673
4338 964 286
4032 4574 357
4373 1648 762
4877 1875 237
3453 17 519
2290 3135 706
436 1550 968
863 4927 848
2997 4475 261
1793 1433 166
236 4078 64
3590 2021 719
2815 2454 704
169 4978 80
285 1950 877
4802 1332 737
4782 4102 51
1522 4237 351
2350 2597 750
1901 3040 516
151 1681 201
4647 4499 546
3867 2256 818
4587 2258 248
929 4930 210
2652 947 448
4539 3623 165
1431 2070 398
926 3383 710
192 2076 401
4266 2721 796
2059 4093 785
4349 3885 793
2016 2711 184
3626 1272 249
3817 4739 326
542 2322 437
2475 2757 644
61 3210 778
1170 4242 849
2304 3161 800
2617 2675 798
2930 345 478
4640 2511 399
2734 368 709
520 28 820
4103 1160 450
2581 677 874
3442 187 267
1618 34 302
3769 3055 793
1750 2697 982
1986 4877 502
4359 1703 467
4490 85 21
4283 3964 264
3603 3362 115
2749 890 829
2362 4493 761
488 3760 308
861 537 532
2306 1953 0
777 1118 247
3928 1708 750
3455 1478 975
2865 4155 526
350 1533 682
3673 3353 980
2008 457 164
2627 2877 988
3514 3718 276
1485 28 521
1559 3577 347
479 1236 500
2318 923 602
416 1457 603
1213 4432 961
1180 1919 640
3182 1122 1
2926 3231 237
4122 4129 487
3626 3549 259
854 4387 303
14 204 396
3895 3243 209
2315 3967 179
4949 2270 669
1384 4752 900
4889 2010 82
2916 2779 629
4798 939 242
385 369 342
4283 3802 350
199 4325 936
116 2512 416
4475 4538 852
4945 2131 951
317 4615 115
2032 1113 862
684 3705 248
1217 2375 921
171 213 588
312 553 628
1147 3928 581
2464 4161 412
147 4679 927
1666 4564 946
2149 1505 902
679 3729 775
4151 848 700
1432 3521 35
2318 4985 128
1809 3491 183
1621 1936 765
831 2339 260
2049 4469 158
1684 4637 413
2065 3264 285
3948 4117 228
3935 4491 265
3336 1824 108
2803 2962 846
2095 2463 976
3340 2648 386
96 1912 138
4316 4218 966
1673 2292 169
1515 518 676
4979 2684 843
4691 3292 430
4799 3175 959
744 1884 806
2158 325 320
3692 1333 916
2057 2781 980
3907 3975 730
2348 4988 408
3442 1349 177
725 1425 847
468 2037 638
69 4118 682
687 737 664
3704 1050 213
2230 4193 225
203 2694 286
4012 129 683
4428 199 250
4503 4437 119
4162 90 135
4438 837 161
351 2318 259
2655 1384 727
3282 4337 991
4145 2248 74
3390 2358 482
4045 1086 348
3139 580 342
2925 3818 47
4001 2867 387
991 4317 656
3396 4377 935
3730 737 420
3210 4948 373
2254 4198 790
3292 3731 607
2196 3473 147
3724 3570 376
2210 2457 556
514 917 792
4087 3704 729
1580 2327 368
2640 4871 481
1809 1998 112
4619 4328 301
3178 1753 795
1755 500 674
2250 4741 321
4515 250 940
3030 2387 156
84 3671 207
2828 4758 734
3238 4263 652
4733 978 720
3773 187 511
483 768 343
2960 3891 312
1847 4211 341
1365 1074 455
3739 3318 836
1902 4090 985
1017 2771 237
1271 1434 396
1898 4991 796
2148 3231 266
1952 3938 128
1423 4698 737
1634 608 338
4564 3788 7
2283 3576 101
2060 2647 96
4163 3958 262
1484 2807 190
3661 77 234
792 470 578
2284 2471 405
4203 1392 736
1069 2767 733
1622 4960 722
3759 2817 990
4402 502 503
391 2906 483
3556 3528 523
2468 4791 624
4651 4452 914
1352 4468 552
2759 1067 214
4382 995 960
3164 1265 469
1692 2590 44
681 1745 297
4318 4715 113
2990 4605 134
2842 3969 687
4967 4467 889
1738 2112 878
38 128 827
441 746 626
1806 2947 216
1903 3693 912
3530 3542 528
3256 1914 643
649 477 320
3490 2794 139
3550 839 310
1692 4152 352
765 2857 196
3159 1264 152
4592 4247 833
1603 2682 211
4985 3242 28
631 1105 626
2916 1893 956
182 3449 236
605 3071 44
4182 1267 806
4837 3952 126
9 4193 307
3554 3838 85
3008 3363 281
2616 1550 653
1694 3910 44
1601 2134 99
1562 3242 682
1379 3376 559
3024 3435 169
613 4272 498
873 2193 467
4184 4448 61
3384 3038 130
4022 690 876
1649 1547 669
2172 2940 426
1716 2449 483
2129 1691 926
2088 355 949
3935 202 918
4335 4783 463
3347 692 704
1558 2952 455
1495 2681 563
1622 4435 345
3781 2956 432
4327 3052 29
3974 3702 538
1697 195 590
4265 1001 666
696 4925 920
702 1980 742
2126 2351 638
2616 2947 690
1202 1688 282
1947 550 606
2138 1888 650
944 2851 403
2620 3878 78
3941 4359 764
1752 2670 62
3024 959 260
3271 4512 212
3199 2084 803
4578 3186 726
3771 2918 596
1145 1118 595
794 768 92
3102 1511 40
4478 3913 842
1444 2607 425
2718 650 100
358 980 750
2477 1992 235
3480 4089 511
4263 4000 297
3191 2086 235
223 2477 175
3175 1812 398
3172 3271 782
3420 3181 969
2195 392 805
2860 4261 741
218 3953 308
148 3258 234
3761 1630 626
3120 710 592
1432 1533 787
1951 3958 751
4003 1628 228
495 4054 521
1361 4986 356
2369 523 584
2458 2377 738
4733 2917 543
1178 4818 623
120 4040 922
3066 4939 588
783 2264 360
2396 947 499
64 1965 553
2699 3771 776
87 3791 885
484 4202 535
1412 1867 567
1403 1647 931
4551 1865 780
4100 253 379
3387 947 362
1990 1174 871
4881 1474 651
4169 721 469
330 2279 436
3913 3228 791
72 2790 970
4833 1329 912
2145 3494 448
1201 2445 704
2540 2195 244
3524 2108 992
2494 4782 514
584 4602 932
4476 3455 242
3316 3535 710
2470 3443 440
1643 3025 31
4783 1545 111
3566 4386 226
2586 1576 584
4774 1377 385
3362 3804 349
2095 1872 598
3242 1525 979
2177 3013 143
680 475 533
4259 1603 67
2982 3907 571
3761 4018 393
18 2911 342
1588 2736 460
4358 3372 729
422 3997 443
3057 484 38
4393 317 891
3904 3447 729
4066 2587 167
4801 4978 85
4876 121 378
1251 4675 42
2007 2945 310
2404 913 179
338 2379 677
1615 1704 418
729 3505 607
705 1438 206
4219 2000 574
3722 2438 83
4503 4867 791
4589 3495 720
615 211 724
4215 1435 0
1727 1971 38
417 2334 153
1490 2773 661
615 4767 970
1533 2238 334
4811 2218 390
2913 1717 410
90 744 104
3549 3717 592
1613 86 607
511 3233 780
4302 2719 707
374 3788 314
2475 306 785
3656 257 918
506 2450 954
4139 2845 382
2946 3558 395
2309 2529 866
3102 2269 79
2309 3882 516
1869 1631 724
2055 41 794
3973 3229 988
521 4528 179
1769 1209 75
900 832 310
4477 479 533
34 3849 243
2669 438 705
196 3860 616
2492 1791 629
2866 4762 801
1531 641 566
3140 513 383
3972 809 381
4472 1004 620
1817 3293 853
2448 2705 446
1299 278 313
1997 2867 959
1392 2719 96
4521 3735 214
543 4956 415
2537 4434 972
510 1914 130
3442 4509 307
2767 4729 612
3589 581 808
4722 1850 810
3759 4109 339
4217 615 115
2124 3251 819
3521 2278 885
2276 3850 852
1691 1578 912
3527 1307 630
296 1850 104
4002 1871 664
3443 2265 815
2572 3738 686
2969 1111 250
1439 2562 256
1390 1379 126
785 2625 565
709 2553 760
3409 2253 640
20 1693 377
3850 20 418
3856 3477 236
2832 2132 26
1968 4178 105
1930 1795 662
