7500
3750
6314 5660 258
3228 5282 455
4336 6273 197
4609 905 676
7115 2486 897
6937 2976 862
975 3688 96
3627 210 913
170 5753 429
5110 1823 855
3759 7383 915
953 6089 638
499 6883 524
2832 3233 851
185 945 185
1473 6902 893
7065 5292 366
3370 2156 15
5517 7316 560
7396 3676 47
2419 3531 970
4494 4218 396
5982 4377 583
5913 757 210
2947 6930 928
6972 2041 655
417 1150 550
1739 6432 339
1469 1412 759
6488 6196 813
2852 7237 362
6793 299 882
6183 1047 91
3909 5264 807
1558 1994 614
2136 6831 148
3533 5342 265
4540 4268 164
3681 5975 880
3035 891 851
938 2606 480
3325 3475 684
2197 1342 314
4047 3607 636
3514 1591 256
4454 6688 511
3373 3493 199
505 1662 340
5342 3177 814
485 2830 974
3443 4100 983
5872 2100 536
209 3393 681
2473 1127 607
2293 18 115
1581 2681 902
2102 3696 480
5255 5481 161
476 4887 641
5439 3104 899
2087 2250 280
1037 6275 39
6765 5724 317
5429 1319 794
5835 4215 38
3867 2198 593
7409 137 914
1607 4177 291
3920 86 859
4976 1922 209
3910 813 872
5877 3414 615
6581 6656 739
2264 231 189
3427 1670 607
3184 4997 790
1730 3808 474
1049 635 390
2743 1913 710
4118 5198 956
3520 7423 984
1323 2620 791
6201 7480 708
1698 3820 535
5465 7423 495
7229 2461 566
7227 3516 887
3192 7247 233
2919 6680 981
4996 2789 29
1311 1603 483
6772 3116 517
7389 3591 671
5719 2120 788
6661 4732 615
6348 6194 162
3419 4027 795
3150 2350 539
6212 6441 38
6358 1962 565
2891 6159 845
1781 5001 414
106 2866 347
6141 2223 373
7014 2039 581
4896 5822 449
3040 80 255
5297 6608 582
4952 4359 386
3065 6019 830
2964 205 139
5990 4602 642
2391 3189 959
4371 1883 930
1988 4205 282
4641 4001 554
4452 7324 679
1191 3551 403
917 1517 669
3300 1849 866
2797 5732 200
2046 1297 875
4645 4484 266
1565 6859 906
2482 1477 343
6346 5920 688
309 3900 722
2493 5752 929
6869 7301 28
97 7343 222
4686 5893 929
2870 7367 981
5142 3591 788
6259 209 646
3244 5157 671
2244 3257 737
2972 322 330
6515 2430 859
4488 5541 585
5333 326 283
3014 1279 6
5575 1757 414
210 1772 295
4667 841 441
5425 3692 238
7173 5514 655
7247 3193 473
2634 950 266
4064 7335 11
3356 6238 220
5963 351 947
608 5080 597
6543 3231 604
3277 6532 398
591 2530 717
6317 6920 111
7382 7107 634
7042 7037 962
3642 6261 902
6786 1950 753
5509 1450 102
1222 1088 817
2461 1655 557
1184 2327 358
3112 206 508
6481 3936 284
963 6330 578
5507 3277 727
2520 6177 843
5004 2961 888
5969 2521 309
2253 1890 795
7227 1885 567
4397 3863 386
557 6023 195
5938 4586 111
2722 5338 582
6505 4981 395
3203 236 524
5556 49 742
2940 6097 842
4027 465 992
2627 5847 423
4044 7012 119
3748 1766 869
1919 4028 876
5369 3550 518
3063 1475 137
3707 6720 461
5289 4114 57
657 1486 696
1144 5138 999
4355 4224 618
6872 1170 443
4098 6848 640
5095 3754 671
4506 2436 256
7331 6698 437
3810 6272 896
6652 6462 985
6585 5388 65
1931 1991 437
3381 3110 47
3552 6300 160
5415 419 601
7322 6380 191
7480 639 378
3753 531 120
4036 1597 87
3144 2750 633
3342 7277 793
6144 6440 744
3043 3652 499
4658 851 241
2493 3100 752
2953 3869 183
4323 2666 84
6538 6881 904
4560 126 716
4581 7333 663
4871 6825 795
4668 4767 179
4088 2232 569
397 3519 194
3778 1690 385
1015 6457 898
6741 7138 183
2338 611 229
4842 5017 848
2346 3674 102
2162 4467 211
3459 4955 451
5631 5518 958
5490 381 978
4804 5726 463
5256 6675 536
1390 6213 0
4062 5688 956
2777 1839 4
2528 1308 218
527 2966 10
7358 1647 89
1406 1995 263
6625 1344 912
1606 1797 813
5009 366 742
5521 4479 340
2988 911 359
986 22 602
3242 3780 996
4698 2694 953
355 5925 328
3007 4575 239
2348 7378 45
6856 1136 465
4176 6532 147
1031 4003 884
2465 2502 194
2010 5447 570
1908 2963 289
6272 1526 633
4816 5783 930
6258 3943 239
258 4348 313
4394 7376 611
7258 5276 419
4448 1425 846
3029 6462 577
4475 365 51
4916 1079 831
4798 5479 399
4355 276 519
4189 2759 230
2581 3895 453
1022 266 323
5782 762 727
5263 3874 767
3 6438 971
7360 1282 989
6498 3098 860
2593 1218 608
2249 1052 214
1050 2657 540
1380 6538 31
7449 1971 436
1416 6872 154
7455 5980 876
6334 6491 133
4820 4345 368
3143 1924 968
1002 4010 320
4488 755 150
2829 5111 375
646 5264 126
2380 3091 940
6737 6169 486
5825 4015 301
706 5403 26
2886 2431 515
7091 695 486
3106 4855 443
4935 5198 811
3938 2925 294
4301 1500 947
1053 2267 52
403 3825 379
2670 6569 624
7464 2858 492
3089 4560 693
1065 5461 405
764 1027 168
3437 776 736
7123 4195 615
219 3728 832
2526 741 813
934 2427 105
7105 1855 981
7020 3573 569
811 766 863
4353 3003 963
3521 6216 455
6821 6106 320
3489 1849 891
2391 608 121
7338 1792 472
830 3236 783
2639 5209 922
6509 2022 93
6758 4203 274
7231 5926 178
7448 256 277
6945 5880 857
999 3212 194
1203 7271 567
3134 3932 972
86 2747 4
4772 3199 374
1692 3580 549
6810 4848 656
546 7421 424
616 4727 180
3320 1790 272
6669 1577 729
3640 4431 150
1251 4441 332
3488 3821 603
6737 3117 606
4829 5972 901
1923 5218 407
2549 3465 409
2039 7435 512
1892 5456 351
4306 5594 760
4875 715 203
7014 6118 82
3308 6309 589
532 1596 347
4688 6364 417
7428 5930 267
460 3558 590
7218 6581 411
4261 2009 253
3581 2423 695
6212 4775 841
4243 3767 146
2138 3642 26
3099 2250 688
1733 5678 74
4307 3794 289
3178 3658 908
1946 7313 938
6666 5898 677
2574 2697 851
5298 2116 864
2431 4624 707
1604 6274 241
2716 1116 691
3432 5470 650
7220 1206 161
1567 2041 523
2923 1978 784
7368 3632 498
5184 1727 928
5968 1 952
332 7413 875
2449 2154 612
1887 2089 850
3687 3804 592
64 5044 938
2149 5504 863
1785 383 952
5413 7231 276
5771 3214 632
4766 5722 72
6320 2047 451
147 3432 155
2344 3225 656
6414 1617 748
6706 5827 241
5762 6672 823
1783 2702 65
491 6830 953
1821 4106 286
5727 1413 651
5083 6153 44
4193 6315 852
2179 5365 662
2892 1598 202
4865 7304 567
2608 7176 143
159 4717 381
6711 6833 296
1612 6700 975
4175 4093 661
2116 1787 768
296 1574 844
3453 4919 449
6749 882 774
4980 686 852
3665 3538 452
3065 4196 462
1934 3430 945
4930 7260 944
576 4303 472
5891 6436 941
5693 4238 564
3822 526 427
239 5641 401
3705 1714 928
46 1782 120
2383 2375 76
3335 5597 543
5791 5666 271
3512 396 274
3827 2181 252
3240 2688 64
6126 1628 70
6152 1059 891
6610 491 678
2140 412 563
6212 509 12
4857 151 975
7300 2999 490
2057 5173 863
3634 7248 488
1548 2932 137
280 6668 469
2087 4468 105
5178 6693 509
4645 2636 897
1891 3194 146
5286 1953 511
2935 4466 482
3025 5612 747
2168 1309 320
3815 3382 803
6032 4876 940
2209 7127 283
3232 1157 204
3360 813 888
616 5887 123
2787 846 760
5488 3006 728
6367 4035 354
5815 144 285
1137 4601 24
6949 453 735
6497 3286 153
4360 2926 509
1619 3148 412
1906 3817 203
4665 4564 164
4104 1752 34
5457 6751 103
2007 3550 110
6626 2388 445
6736 4891 42
5533 5484 866
2765 2079 103
7253 2225 30
3213 513 505
3842 5038 843
3550 5584 621
4599 1107 494
6852 7270 410
4092 6818 473
2260 4221 155
1569 1569 799
4929 1669 111
2119 6572 942
3115 4078 928
4836 7225 986
4595 6899 106
1193 5075 243
476 5880 97
3532 2303 150
2018 1593 842
1117 1416 357
6056 5198 34
2665 264 636
3308 5008 260
6639 2559 92
840 6636 251
6699 2865 619
900 2804 825
5928 1658 114
4407 703 461
3335 2028 226
4077 1223 977
1504 6702 819
6183 2506 269
2262 7470 711
7492 6859 16
3648 4486 106
6784 6401 913
5527 371 537
555 2458 364
3766 4917 113
3830 2481 552
5241 4298 28
1566 4906 804
5 7112 126
4228 7364 755
2671 2369 345
2100 6180 346
4788 2021 840
6390 6189 175
245 2457 238
5338 3361 133
25 4357 266
4095 6459 599
2948 2964 745
3453 1928 467
4926 5288 81
2237 923 101
1814 2837 390
4567 4946 774
3691 2359 682
6698 3673 912
6585 1901 295
1569 3541 185
5772 1237 375
3409 3569 721
2481 7082 56
6890 1485 462
1998 5122 425
962 7405 638
7472 7494 9
5548 1134 61
1587 1153 118
6045 29 722
502 78 109
7358 6054 588
1822 1625 539
4731 4140 803
7275 6241 261
906 871 4
3684 1893 383
3677 3511 774
5383 2237 113
6946 5390 283
6089 3641 293
4225 6080 741
6203 6554 530
2529 5596 426
2193 200 484
2824 3684 700
6749 4026 159
2993 6988 889
3657 3225 308
2061 2472 47
5423 6539 714
3791 4256 730
3275 641 290
6904 5573 60
4465 3010 736
6980 7041 944
5494 1093 298
1885 6743 364
1583 6360 0
94 6737 20
669 1128 453
5136 4142 102
6700 3912 540
4263 4809 814
3589 4468 707
2875 1685 932
2474 1149 948
7098 2280 523
225 3897 688
6593 4786 164
6050 6267 962
2459 7396 5
7423 5780 828
6716 1354 122
3120 1402 194
486 39 346
4347 3538 874
1773 2419 283
2664 3545 462
1072 6468 306
1804 3376 993
2496 525 585
974 6944 422
3575 2467 212
518 2634 727
2936 7227 88
4636 6998 999
2864 1425 941
1451 3638 978
3081 2962 156
5532 3177 729
6817 3999 322
149 1215 453
1004 6230 51
4544 1942 755
2409 6138 76
3265 2794 116
3881 6158 245
3000 3029 805
4767 368 673
5994 1352 828
1149 853 213
4871 2837 377
5433 3198 666
1818 1617 251
776 4662 38
6436 3380 307
4397 5956 625
1750 1900 527
5422 5385 187
920 3918 555
4968 4261 68
485 5251 430
7310 44 234
5380 4726 272
7453 2418 779
6701 3929 700
3982 5954 949
2467 1734 180
4473 5168 463
5337 1761 419
2967 1661 933
7029 1530 885
4681 6240 981
5300 1548 756
7474 265 202
6943 6297 938
5214 1924 9
3426 2469 85
3976 3134 135
1869 2698 692
7162 1440 960
5587 3932 920
3025 2503 992
2452 766 507
2616 6691 63
2694 16 981
7091 3867 667
2952 3846 596
3299 6324 804
6785 1379 842
1625 3748 168
996 5025 318
305 5766 199
2236 691 432
4231 2477 272
5892 3657 265
1583 5281 40
4559 3772 666
3509 5222 338
4938 2929 531
329 6821 124
3550 2294 940
5484 3534 913
3054 6027 473
7288 5733 871
975 1494 755
1175 2626 616
2116 415 750
2987 169 980
5265 5587 645
641 1379 350
976 888 9
994 689 138
1642 3599 478
2674 6731 393
6128 1259 893
1002 1105 573
3350 6657 330
1450 7262 370
3428 3783 236
6552 865 640
1950 625 845
137 3530 579
7170 3869 587
4391 7395 302
7108 811 845
393 3709 656
5688 6539 568
6258 6354 556
2973 2517 764
1055 2884 97
1710 6654 496
1727 670 522
157 4793 661
6954 1005 151
5869 346 189
5004 1979 914
2968 3759 560
2656 7035 136
4897 2464 75
1306 4542 891
394 2189 126
3746 5083 809
6859 1769 365
4778 6626 254
1279 832 816
4205 5102 810
4378 2179 525
1594 639 640
3715 2192 279
2063 7470 637
5026 3852 106
2743 6309 519
3145 3995 74
2557 1046 856
2721 580 126
1876 2623 104
474 5301 320
2615 2447 458
2091 4311 772
4164 7359 840
6662 6654 85
3941 6147 922
222 2920 36
7475 1734 820
389 4241 887
2311 3331 270
2520 6896 48
3478 2968 693
4418 1456 947
1461 2145 296
733 725 331
2421 7316 836
7446 4278 818
1168 4425 868
5747 3263 511
3426 1205 689
1813 3489 882
2206 2356 721
5879 7147 696
1680 2680 737
1063 3602 560
6301 261 70
4289 2283 309
278 2345 235
4694 459 364
973 3652 831
74 3576 968
772 641 399
1639 3061 476
1492 2940 880
2834 2762 498
1359 7472 619
7469 3434 215
123 6090 812
2827 4942 924
4623 5092 518
5768 2237 70
76 3009 607
1719 3624 395
561 3144 147
5785 6851 390
4635 6529 495
4673 3886 688
5604 3923 657
6576 6855 665
1284 2373 177
4410 6976 659
5525 7135 578
2122 1213 160
6539 3542 808
3955 1295 961
265 5327 83
3852 1186 940
1820 4415 933
4402 4452 559
3141 3426 135
5935 2916 92
1382 4674 828
1424 4679 29
5328 499 979
6883 6135 567
3340 3786 362
5633 457 465
5009 2078 124
4224 1449 355
3230 1183 752
325 275 283
4426 623 872
1549 6405 562
2877 5023 81
3109 4152 921
2964 4581 581
5745 1932 353
619 4805 317
7178 728 929
5234 4357 581
1324 4266 965
4160 2876 754
6781 134 407
7224 3479 88
4653 3042 323
5072 6390 121
6120 158 199
537 1855 357
1592 3899 323
6818 3386 384
5340 182 649
4493 5522 779
2417 1671 429
5547 6906 374
4698 7154 905
1822 4038 358
6355 5509 422
63 6216 845
4618 57 502
6855 5551 154
1710 7117 287
1909 1746 959
4974 4968 261
4768 2969 260
3526 2716 266
7474 5916 861
6816 2169 654
1367 824 427
922 4868 259
4479 2508 947
265 3625 271
2109 3533 51
7355 7146 449
6792 4003 566
1038 2268 331
4465 2860 803
6098 4422 508
423 3727 127
5697 5321 110
462 353 397
7326 2299 596
5492 2245 284
4656 1178 421
2787 2008 329
307 1625 28
6779 7179 861
6267 6540 593
5684 6226 35
1884 5582 321
2660 2021 17
2820 2209 352
3106 7399 315
1612 5363 105
3621 3049 141
4269 4711 386
1894 1202 587
2048 3909 849
2537 3968 216
6325 2319 105
2462 4095 974
2325 2206 833
2934 3682 465
2829 572 261
3565 1242 500
1366 2689 122
5966 5752 277
6438 3950 860
47 4183 856
1361 37 61
6359 6459 174
732 2943 577
1129 7221 931
7182 1916 664
3230 3586 198
1686 3418 726
2587 2256 935
242 6075 511
2935 2857 29
6413 946 923
2279 6837 394
4807 2714 579
4316 1558 43
5372 442 811
5615 5091 917
1242 3493 920
3848 4092 830
3604 6858 878
1648 6905 916
5935 2793 431
46 732 345
2331 1429 799
7420 6634 221
5727 5405 705
2036 1118 122
6078 3803 304
5465 5641 197
1319 5199 233
6066 1049 826
3604 5111 163
1121 5024 968
3566 3966 339
3487 4874 582
3919 6089 602
3431 3583 783
3020 6929 653
3703 2297 706
4054 6162 442
3179 6666 275
3344 6721 690
5186 5220 299
3704 3642 968
4610 511 381
750 7059 230
506 157 279
1142 1904 453
828 5376 488
1258 3604 558
2499 3700 515
2971 6263 601
7470 5765 187
2040 1742 940
2856 5664 741
4197 4511 843
766 248 64
5302 6975 455
7450 6710 51
1016 2500 844
3216 2010 129
358 4214 160
197 5697 994
4145 1875 637
7270 1253 928
1653 4409 575
5347 3189 850
4950 2533 293
1990 602 475
2365 5812 953
5750 810 660
4930 4149 272
4483 1343 342
1052 287 609
5935 4988 666
6758 338 358
6710 2577 554
1647 3638 704
2760 2427 184
199 5565 532
7441 4680 41
6645 5766 100
1934 3167 819
2636 5546 458
997 2787 141
259 6628 21
154 5712 211
5307 1728 57
7152 3578 55
256 3849 981
2842 2563 616
5893 2663 507
6963 4938 900
5116 4145 230
5778 4584 67
7181 4234 223
6485 7251 884
2827 7179 59
3559 4662 230
4568 1939 490
2785 440 433
2169 5225 236
2823 6044 848
1745 4407 232
1608 4121 462
1471 3554 139
1710 4139 85
6939 3432 760
2057 1497 880
513 6937 106
6984 430 294
4769 3114 97
732 3292 694
5512 1767 864
1477 6361 177
397 7 340
4709 2472 917
7294 3558 777
3585 6710 380
3692 4756 694
653 5593 745
5740 2952 434
6154 3966 502
1142 763 368
6006 5157 246
141 6685 853
1854 5341 836
2284 7101 222
6917 3166 610
5137 6186 968
1438 2784 473
2959 3585 380
4912 5892 927
1426 3755 180
2024 7364 209
3619 1734 664
6693 357 742
4899 5172 815
2090 207 867
4413 955 150
6924 5003 162
1429 5448 159
4720 5695 997
6104 2298 30
2202 5228 979
2955 1327 904
5214 3271 340
1083 4786 359
3471 851 485
2846 1054 98
6316 3490 968
4225 1380 141
6434 5039 425
2375 3236 488
6993 4525 655
2702 4474 381
5783 5107 685
3338 4687 329
3338 4630 425
3176 2889 319
3381 4464 861
6290 280 351
6597 2316 12
6328 1719 1
4382 6453 791
2042 725 216
1146 7079 416
7442 5267 993
1912 1350 839
5609 63 118
3734 4166 141
2936 4886 814
5672 1962 63
4098 740 538
5652 3866 484
24 557 395
1313 721 577
1855 4963 561
5233 2466 498
5356 7081 129
826 4647 214
3745 5572 573
3132 5583 226
2343 3146 465
3708 4739 550
5413 3815 61
983 2100 117
3081 5211 568
6622 1806 19
2284 6165 189
4141 5764 468
2432 1009 363
1115 6481 854
5275 1543 146
2787 901 529
493 1765 674
497 5786 654
4669 4030 897
3030 3415 325
2182 1519 929
4054 2327 458
5853 7281 617
7444 6475 389
1779 650 279
5037 345 305
5284 3445 406
6194 640 557
4548 6565 322
4501 3153 738
5032 4554 318
4356 2397 778
3262 5137 524
25 3735 753
290 1099 819
2492 2245 286
29 1351 516
2108 5255 764
5856 6793 354
253 2809 334
6208 2143 535
5392 5154 116
1324 5826 927
2253 4751 756
5319 1160 118
854 6147 262
4087 3211 266
2323 4495 930
1637 6782 500
6052 6523 232
6576 4610 794
5461 6983 102
5528 363 826
6858 3439 467
1266 600 19
5498 546 316
2857 461 952
4118 4601 49
653 2517 619
4633 4623 675
7448 6477 803
1458 4115 198
2299 3162 492
2634 5620 410
2937 1923 846
4551 273 846
2987 2305 724
5765 6457 984
5246 58 325
493 2890 233
940 5754 764
1740 3917 923
504 5917 496
6708 4963 142
1711 2223 281
5333 3751 870
5871 3106 277
5415 771 186
669 2803 711
4937 921 286
4328 6582 804
6672 7299 722
6562 3053 102
2042 2969 593
7381 2229 672
7196 4857 766
7139 405 890
7088 7423 198
29 6801 174
4333 1671 7
6926 240 670
1611 5513 574
2862 5044 477
3449 5458 238
6480 6549 913
6165 6624 261
2247 6706 688
1216 368 750
2813 1801 734
279 6007 730
724 6461 692
1557 148 368
7457 96 228
302 275 481
6898 1327 940
2836 704 881
4518 5402 405
7088 5666 89
4576 1651 251
3905 6258 586
1050 705 866
3983 5685 874
7030 6792 354
7192 1937 370
2863 5870 490
3178 4712 0
420 4385 129
5902 1001 287
2413 1843 498
6048 6663 783
1984 6521 809
4944 5082 43
4042 3306 162
4841 3105 121
6625 4503 952
6927 4172 92
4811 152 596
6208 3062 886
6477 7051 115
4645 4570 62
699 2852 888
6582 1598 822
1765 4937 992
1257 3814 398
1681 1281 420
1602 471 432
6905 2328 418
1802 5036 957
6362 7474 120
7363 7171 510
3535 3274 340
1630 2911 945
4943 4469 92
2372 4192 432
2444 1370 601
6162 2605 848
6143 2945 608
5053 7020 1
3805 2486 802
6709 4566 122
6628 6335 625
351 4726 963
7201 5697 554
4866 2371 120
3455 5242 563
4483 989 320
4441 2745 766
3542 6945 885
6258 3877 601
4521 1296 570
3086 3719 333
3550 6724 205
3280 2951 113
515 5485 83
2977 3564 650
2845 1264 179
4576 2188 285
682 5446 343
2281 1124 96
5590 6418 557
7100 1073 627
2283 3211 88
6443 3151 138
420 446 754
349 2948 792
1203 3776 464
3553 844 779
6344 1454 618
2784 947 920
3167 6663 839
87 5458 902
1000 3158 880
1505 4984 174
6010 5574 549
1011 6280 721
3419 5652 964
2728 2814 496
268 6287 244
77 6741 49
3044 4627 884
1229 2798 837
3039 3704 0
6668 4411 62
6145 3259 480
7483 757 323
1055 3454 594
2415 6000 359
6617 6300 455
4268 6147 731
233 1749 847
6581 359 640
7173 6109 323
7429 2298 898
5374 5885 283
1903 5016 88
1140 5135 291
2708 3574 70
6639 6610 525
1864 3781 442
6397 351 158
6604 1041 886
6641 4148 25
3049 7000 259
6746 5586 800
6415 291 26
5802 5402 487
2846 511 972
642 4834 328
7282 3245 402
216 5479 310
3059 4849 331
2314 2433 440
1645 1434 436
5745 2428 67
27 1907 3
2060 6478 158
5254 5243 9
1091 3039 647
4909 2050 216
1873 3730 283
4219 3177 138
5840 4369 420
1399 3768 127
2551 898 484
6852 5440 391
2166 5665 52
174 2722 441
414 6773 657
363 4230 973
1500 4796 269
1749 2500 963
1275 3340 386
5793 3070 154
2603 3398 746
1730 4019 504
4746 2168 113
91 4060 346
3282 5290 256
6616 747 335
4154 3777 24
187 3529 579
238 6886 493
1122 4558 604
1972 1071 939
784 6607 899
1283 1415 595
1430 3028 659
6889 2545 340
4514 2859 38
1657 427 163
5368 3014 149
3156 5347 690
6266 7335 854
4980 2251 980
6813 5811 720
4035 6642 951
5633 4847 606
3929 411 342
3798 4125 107
4148 5546 829
3072 6171 991
4649 181 364
6242 6873 900
283 2161 965
6052 2762 302
7209 5076 504
7415 794 439
1824 6330 969
4271 4734 664
5168 4431 510
7370 3760 956
1402 5357 717
5839 2745 427
3918 2246 794
1302 2080 853
7036 2070 556
6033 7097 64
874 3900 8
2690 1276 146
3100 4989 935
6427 720 606
2103 4616 415
3403 1164 678
4775 178 365
1922 6354 328
4826 490 759
6646 145 868
5654 1817 381
254 6441 568
3330 4868 373
876 5802 833
1198 281 290
5918 340 371
4710 2865 383
845 1229 774
5460 5170 489
890 5350 802
1409 5690 967
3279 6734 323
428 5027 334
4283 6443 210
5852 3286 969
6477 4729 594
1117 4537 405
3650 1235 48
1327 4850 88
2075 1877 237
2808 606 300
2666 3207 180
4039 4031 157
3670 5702 44
872 775 886
5307 1847 584
1776 249 360
4828 1665 691
1630 7146 62
5374 597 814
3277 5664 22
583 6910 892
3664 5705 75
6226 441 727
7343 2874 335
6295 3983 45
4164 2994 74
2231 3585 363
6120 3059 732
5617 7010 393
5195 4241 297
4368 7083 507
7351 2498 399
4004 6966 385
2629 2116 621
1599 2023 6
6206 7202 641
2764 2908 581
3280 7294 863
2160 4944 912
7469 2393 787
2405 3276 878
5622 6858 225
4376 7242 617
5181 858 680
4710 2145 617
1804 5249 491
138 3465 668
1661 4602 304
1577 1553 854
3790 1102 277
155 5392 601
4644 1060 301
6258 5822 157
4802 1802 546
5536 475 894
398 5904 538
5726 5893 227
3883 7050 43
3048 6890 752
5294 4522 356
6908 1569 216
3739 6350 477
1627 3141 769
6524 189 434
5461 659 740
2413 6731 514
6806 3708 142
5534 5908 579
4029 5384 511
2944 4773 872
5826 3260 962
4131 5805 200
7309 3555 206
2651 4125 65
7267 6752 3
4538 4164 831
206 6088 302
2933 2987 608
1598 2737 115
202 2112 725
628 4686 786
2531 2477 722
2221 3469 109
5070 1074 731
1926 6728 932
214 5183 51
3227 3429 47
2533 5234 116
2788 3179 547
2506 6950 234
5414 6876 116
6363 4996 283
5090 1838 880
6913 3817 512
1688 3128 966
6174 3434 376
6131 1876 41
1348 1919 704
6611 3091 435
508 3276 276
3043 3153 72
6570 717 773
3119 2334 618
4647 376 405
4213 4707 583
2360 3226 221
3291 5713 702
1566 7412 140
779 7006 427
2437 5195 620
348 3467 452
6308 3753 169
5077 1860 138
242 4251 636
2621 4527 330
744 814 440
4072 4965 741
449 421 46
5121 7349 624
3286 1891 30
1908 6043 595
3228 2215 419
1280 1860 277
3828 231 402
5023 4171 764
843 5700 122
234 5317 61
1663 5617 710
6207 7093 195
194 7148 283
7258 5172 773
5011 1813 454
1079 7146 461
2165 4390 928
4137 4608 975
3265 2812 807
2154 1605 733
2729 909 862
5630 397 808
1536 668 747
6910 4119 337
5752 1462 791
4315 264 200
5806 858 631
5438 3712 372
2912 5205 965
6182 1999 172
1287 4791 715
2370 7352 433
2739 2613 241
3364 5069 586
1145 6162 503
4310 529 306
6190 5492 360
4184 1511 670
940 4245 192
5724 2373 490
6177 1484 439
6518 4838 537
3309 4887 610
2879 5301 517
3531 2238 570
483 7119 518
5422 6574 357
7407 3808 431
1871 1888 404
835 6611 680
5715 5639 370
270 4730 783
2360 3147 125
4285 2799 842
6674 5572 493
4829 3384 825
1198 5097 555
5281 6455 48
192 1622 787
909 2938 775
5952 3430 279
1768 2444 164
2991 4540 769
5607 667 268
3646 4086 136
5629 1993 583
3128 3551 966
3891 2750 768
7229 3279 342
4930 1436 925
4077 5600 987
15 125 803
4839 3655 144
7343 5331 732
6896 5242 910
1168 3743 800
2619 1157 798
3707 4498 857
2840 7435 593
1110 462 755
2068 5636 613
7333 3603 287
7272 490 224
5919 5806 178
6494 6590 170
6682 2613 435
2983 2264 894
6153 3542 203
5922 3224 83
7323 3587 482
4985 585 438
1659 2572 225
3952 6014 287
791 7199 347
2452 866 220
1907 6760 123
3834 5127 950
5649 2771 929
3992 5524 970
5304 5300 774
5045 4110 721
1601 1926 811
1253 3296 971
2912 7466 165
3310 6775 464
6606 5066 91
6527 5607 442
1134 7167 682
610 6670 913
6868 698 604
3488 5530 654
416 4112 970
4248 2921 652
2761 7340 822
4183 7337 529
2592 5173 286
1228 6819 329
4643 4443 379
1751 5246 625
4819 1111 870
4261 1622 706
5158 4818 536
461 5250 802
756 460 392
3879 6995 251
4741 5065 382
3667 7026 757
3832 5543 542
2736 6437 296
1818 5942 61
2960 3785 484
2749 5538 570
3520 5199 956
1652 1101 109
5374 5299 49
6645 5923 214
4611 4686 455
5616 4255 406
1277 127 971
7300 6633 504
7395 4042 828
2085 2529 160
865 5877 750
6823 3373 545
6997 2213 591
516 3165 387
2393 3293 478
4073 1557 875
2014 3053 469
783 6170 40
2538 2536 988
1061 391 766
1752 3087 537
1402 4846 742
512 6828 4
6367 2928 285
5708 7260 646
5730 2303 459
644 4909 189
6698 3249 447
3762 6427 123
7025 6300 840
1744 3930 834
7432 2779 559
3291 5621 251
3155 3369 806
5640 2877 416
470 6424 726
1976 6673 258
2444 6423 486
3640 1220 228
1997 3268 616
949 4458 246
3419 5625 773
5051 1692 574
4872 1373 722
1099 184 99
5566 1473 822
1060 1185 339
2448 5595 218
3421 1725 521
5112 5839 864
7495 432 588
6666 3122 403
1883 7022 561
6567 678 90
4825 5332 692
3754 3910 686
3665 1776 808
6859 6664 418
7168 5970 723
6580 7472 601
4954 4398 224
1196 3152 737
2900 892 356
1822 1603 187
1564 3902 484
3953 1620 818
4812 3462 154
1913 4815 413
6691 5968 153
7203 6283 66
2698 7213 776
6887 1410 828
1113 6198 245
1773 4019 486
7001 4696 418
6147 2979 293
634 584 544
2998 4103 239
4716 3098 13
56 7226 281
5998 1458 972
7478 2873 594
4997 7218 362
6153 7311 883
1260 4837 74
6572 7215 915
1910 4515 206
6742 7099 437
6450 7407 11
6533 6133 452
4115 2630 515
91 2608 585
5644 7241 811
1865 6030 462
7467 3534 264
531 5873 835
2930 2729 364
715 2555 404
3427 2353 470
170 3769 794
505 6086 261
5003 1962 396
6294 4696 972
6144 6562 958
3205 5714 251
3661 1198 936
4753 7101 161
4153 2604 337
2147 4605 849
4468 7135 320
3702 4965 67
525 3321 854
919 6340 627
7321 6035 719
3776 1113 570
4846 4201 153
2834 3846 215
5285 2181 820
187 1996 897
3804 5117 215
1741 4583 184
3633 2599 916
2299 6943 175
2043 5389 363
2536 5168 568
1466 6914 154
5312 1441 872
546 3024 99
6400 3629 302
1355 6398 107
5558 4740 826
998 1031 236
3423 3586 815
1779 4275 262
4292 6031 347
5912 3636 375
6453 7361 131
1391 5057 430
3864 7038 589
2512 7307 834
6858 709 998
6662 7410 817
1060 7037 510
4588 1979 881
533 6751 749
2727 5948 206
789 3379 255
4253 398 128
3051 5433 521
2541 3172 807
6832 2454 380
2923 477 442
7301 5641 517
4337 4590 349
1214 6696 198
7223 4778 750
7354 3199 686
5176 5322 99
3627 2328 988
2576 185 522
3344 413 975
7308 3808 812
464 7284 205
2775 337 325
612 4176 362
3513 1327 645
1614 2983 348
294 1594 795
4604 1671 473
2982 3402 468
6399 5626 314
6005 5333 890
3352 5489 828
558 526 713
465 3664 964
7467 4576 573
1375 1684 18
4710 3942 671
5099 6178 849
2652 2713 980
4107 1873 642
6353 3491 478
5279 2234 706
4360 3028 360
5700 178 404
1886 1349 883
2690 1970 87
4565 1521 753
609 2173 287
2879 4648 764
2995 3327 233
4550 1058 706
5132 638 249
3071 3733 498
787 3965 898
1241 2069 805
5417 2781 108
1310 6221 551
1350 662 61
208 2150 38
1408 48 781
6847 5984 746
6690 3108 219
4329 6802 819
5247 2320 487
5674 3137 253
2659 6785 437
5596 3028 997
729 4277 379
2372 5686 278
33 6867 979
1070 6073 837
2250 947 398
2860 4330 406
3595 4531 825
3483 4071 960
6628 2115 870
5673 2767 980
1446 474 722
925 5623 90
1423 7150 416
5947 2121 964
2347 4801 347
530 3077 33
4227 4439 962
7279 2424 15
2708 4988 426
2176 6228 51
4617 5329 265
2996 4829 798
524 4233 416
2797 4184 200
5428 5167 981
2696 1414 400
7152 5379 31
6611 4201 434
2042 4716 399
27 6311 815
2813 5063 864
6886 2926 485
3708 1142 199
5623 4585 801
928 2090 855
2421 2379 942
726 6055 836
2191 573 726
1877 6721 545
6570 1889 82
3295 4013 160
1341 5721 231
5353 6531 538
6979 1005 672
5885 6952 578
5982 7470 185
575 7311 856
2491 7356 824
375 4641 685
4776 3254 173
2547 5732 523
4320 2597 177
6005 7169 892
4278 7280 153
4905 7067 873
1143 4714 965
6698 2445 751
2204 1899 788
1120 6311 895
4830 4848 738
2631 7480 463
751 4709 451
1166 6897 98
1099 2338 359
1000 3397 954
638 6143 357
7245 1472 672
4817 3719 359
2028 223 460
4905 1024 45
4243 5812 262
5525 3995 921
6360 2316 230
2105 2508 824
1807 7011 685
5253 961 144
7088 7455 980
2049 4508 459
4992 7456 402
1159 31 895
690 3117 884
3202 6100 345
2561 3407 289
191 4166 167
6298 2473 721
4788 1552 120
6563 1288 737
6367 613 519
4189 3845 275
4523 182 137
6226 1074 408
384 857 610
605 5161 408
6526 962 500
901 6124 901
7188 2961 670
3993 3333 671
755 4139 387
5936 4749 234
3297 2713 265
3364 3493 759
5685 628 971
4871 3417 488
1294 4008 505
1198 2504 345
7247 1210 756
749 1776 436
5302 2517 173
4422 1392 959
7332 1221 157
1337 3337 622
1408 731 681
2346 7350 846
6640 274 809
2752 2942 127
1164 1686 60
6483 1926 983
1442 3890 416
1138 1520 33
2838 6533 739
687 3116 588
6287 5273 164
5464 5876 855
5108 1112 892
2623 7048 565
5460 3771 210
5659 4002 391
13 3613 515
6747 6631 991
1194 2689 342
3471 4119 382
1863 813 46
7157 1236 957
5174 3585 349
3942 6129 408
7107 4326 880
2686 1525 566
3645 4034 43
6513 54 416
314 2298 779
772 557 39
1722 6045 192
2580 3720 922
174 472 702
2579 1721 66
3923 1027 564
1771 6535 492
615 4649 334
4832 195 97
539 5718 959
71 897 274
1113 7299 994
5959 5761 406
538 2360 774
3882 880 25
6255 5824 837
6797 2255 65
5603 961 510
1111 2119 771
7370 2381 943
1874 6843 300
6643 321 809
5876 1517 145
5322 1487 753
4665 3488 841
7046 3478 242
5659 7109 76
5760 1054 967
4228 2099 325
2591 4579 336
5929 2901 329
2211 4489 950
6132 1445 246
4819 6530 413
5383 1717 685
6435 2534 898
2803 4884 381
3550 1526 292
4182 6969 864
3736 632 762
1120 847 750
7306 2323 342
3002 1214 762
7181 2187 820
1593 5989 607
3850 6129 982
799 3602 363
2620 2858 832
1256 1138 406
2175 6373 180
5010 4523 117
7193 1836 109
4265 1171 809
1011 4812 548
3841 5539 950
6902 5633 401
1100 1839 827
4005 889 51
5488 5629 99
287 237 231
5109 6137 72
6392 3470 145
6178 5520 159
3501 3412 87
4731 2508 776
1927 6924 198
3524 1103 859
6097 2040 905
4227 5034 204
2532 3947 356
1748 4809 265
2272 2749 390
6101 2360 544
7165 1044 716
6194 5041 365
5485 7005 373
2019 3807 691
768 1611 386
38 5405 528
6450 5021 449
3918 1619 765
3582 5640 701
3452 4955 452
5481 6786 785
6584 6917 85
4543 4257 334
3936 5671 412
5399 765 467
2759 177 698
5120 2357 635
5767 7483 651
1227 1989 4
725 569 40
438 131 707
1854 6487 896
4641 848 385
3630 398 820
5237 6404 799
7263 6482 729
701 4832 960
7470 1298 750
7223 4436 668
6341 2054 23
1976 7033 153
2177 5225 839
6496 4892 280
5851 5287 800
3106 6761 866
127 3740 718
6739 3537 452
1814 3060 756
5023 1748 299
6860 5370 960
799 1461 409
6096 4094 706
5644 7278 17
4371 3113 188
2059 4689 651
6306 5546 332
3402 4154 966
926 4687 635
5862 7386 685
6518 5734 574
6712 4465 328
667 1426 627
1910 715 407
1734 1704 132
4156 4042 980
7329 3227 828
6144 3772 312
5950 1368 272
4100 4544 15
2764 4174 528
2395 5551 185
4865 2447 515
1215 3407 534
5259 6706 921
5029 2759 109
7449 6148 754
778 7039 780
5765 5991 710
2978 1143 797
7257 2749 448
6064 5587 997
5308 1673 680
820 300 317
5106 6768 143
5918 2251 939
3706 2541 33
1899 1109 44
933 6037 780
2242 1081 212
5512 3703 833
4625 5725 721
4109 2265 772
1884 1294 18
2359 638 240
2982 5385 379
3533 5314 586
4947 2546 489
1108 7287 189
4980 7478 265
317 5036 641
86 6154 48
946 2487 350
800 4451 745
1167 5970 705
373 1079 404
1226 5737 782
2281 1294 657
5539 5716 668
4853 6515 80
3108 1472 985
2487 5200 119
2697 4884 341
1268 3623 882
3367 3991 436
2972 2089 377
7172 4631 901
2553 1769 277
7444 6956 24
4997 2552 944
6166 860 14
4621 1851 782
268 1439 465
6779 2531 394
812 6218 137
7248 7294 554
952 2508 938
786 3550 737
6383 768 303
4745 7201 313
4767 1089 311
1656 6032 321
5335 498 622
4011 748 986
3900 4875 665
4085 1078 417
1805 2745 791
2849 6244 998
3471 6825 199
4300 7456 424
1877 4217 389
324 7061 483
2349 6635 683
4731 2229 620
3851 1799 864
420 950 758
6703 6418 157
1196 2734 919
6769 4806 192
5030 2712 987
994 5475 871
2740 4953 56
2631 6623 626
6744 3033 963
6916 2772 479
1132 2945 706
2914 1845 880
493 5946 698
3259 351 442
465 2675 102
6525 500 785
2048 845 5
6914 3595 934
2982 6959 744
5135 2961 864
543 3427 25
4435 1910 159
5198 7186 430
6297 5606 670
2394 1435 635
6495 2115 795
247 5846 539
4794 5083 562
3088 6390 280
1283 6225 68
7207 5633 826
5568 2343 245
2272 5314 819
7451 2731 316
1155 3665 337
6293 4384 327
2738 5628 948
7040 7462 987
6823 1344 786
1340 3862 773
2756 6431 816
5552 1416 794
5468 6762 285
5930 1230 88
5227 1502 877
2154 1132 469
5091 1516 32
6529 3451 565
1106 4436 437
298 4699 939
4835 5289 565
2111 3082 160
5387 7171 735
7313 7306 881
6935 617 337
6772 1948 454
6004 3504 264
1062 428 4
3599 6461 118
3038 4374 628
2725 1872 750
1565 2216 199
4751 3634 356
6256 6157 168
5523 1317 159
5209 4035 72
1291 2498 346
303 111 740
6892 142 434
415 3596 116
3170 3098 328
2563 4895 428
2062 6259 842
4402 6661 125
176 3789 24
5686 2318 458
2627 1685 865
6313 2590 91
2503 4558 415
2120 3278 8
6111 225 869
5136 3935 800
747 205 877
302 5274 800
2586 1397 214
5779 6881 583
2109 898 520
6758 2013 119
6513 2072 425
5391 6296 367
3784 2022 12
5877 4060 278
2005 698 476
5037 4523 90
4969 6428 131
5756 6601 489
2341 4069 211
5668 566 718
1269 178 882
1354 4770 919
6637 1646 489
3172 1247 630
4242 224 26
4773 2430 416
3210 5325 28
2128 6424 933
4622 2963 600
5317 1607 439
1452 1378 83
1472 1962 991
7320 2243 669
1192 7064 729
5148 6350 804
4483 6157 8
7301 795 481
1525 2151 306
3939 4706 925
1639 1431 484
4238 3516 710
6753 2556 435
2527 2640 686
5034 2033 810
3317 5713 94
1397 869 397
2458 5153 290
5849 4702 916
1903 4409 893
681 4130 872
3635 6808 597
2698 5662 427
3188 3103 302
5046 4224 33
1013 4223 172
6210 4129 691
5781 6648 942
329 2326 662
6316 2180 19
3732 842 940
1370 5542 245
2492 7263 275
1584 4331 750
2471 1809 536
4565 172 341
7424 2817 383
3742 123 801
5087 1009 531
2042 6737 56
1926 7178 863
6396 5369 607
6393 3841 164
2351 5494 724
292 4292 683
323 3528 342
1826 862 350
6168 4808 474
5830 2241 154
1455 6294 851
871 1621 919
3598 2256 629
4434 3313 642
3864 4264 629
1042 167 58
2556 6510 261
2061 2042 438
1222 2780 519
2612 6948 933
696 6164 931
713 2521 969
7105 3726 761
3612 4601 895
5335 1185 457
4881 7282 22
5997 3269 783
1218 348 532
702 3757 748
6283 7296 867
811 6162 872
3472 4529 575
7449 3030 350
6139 1165 46
3284 3319 599
2924 577 94
6194 3351 627
3659 5473 840
278 5249 403
4262 1213 668
4683 3713 820
6701 2425 200
500 3613 134
2490 3339 529
2257 5853 449
352 5833 283
2853 7377 835
1975 4164 498
1508 1022 855
4328 3060 56
7408 3544 546
1277 715 16
238 4681 247
7063 5727 74
3913 789 625
2229 3299 545
3992 3278 455
6877 5222 50
7035 4916 490
258 2821 13
445 5324 490
4006 3896 282
3274 4928 159
5812 4702 23
5583 4516 347
5417 4319 490
4274 5023 262
350 7127 570
2164 4195 396
1816 102 662
2762 6661 931
1911 3719 990
3140 6542 484
2962 2535 7
2625 3956 143
3256 4783 425
1064 3749 830
6459 2287 991
502 844 522
5360 2592 566
3943 907 615
7048 1286 277
7145 4090 606
4314 6536 891
7293 1169 48
4361 3066 57
3890 520 814
2274 7367 399
7255 3885 619
115 6306 785
123 5605 442
4339 4116 438
7321 1396 942
5343 2140 316
1881 3430 447
3685 1970 336
4247 4172 442
4574 4863 454
405 7252 5
3069 813 84
1276 1325 433
1213 2814 534
4115 3081 182
478 1854 51
526 4561 833
4161 1923 67
1225 4518 551
140 2853 79
3468 1373 448
1836 1258 960
6459 1644 771
5163 2870 462
3292 4796 934
6492 0 265
3525 4116 796
2477 6715 494
6415 4516 4
5744 703 500
6797 5319 985
665 2558 13
27 3899 909
3702 6929 607
5366 5920 610
6614 4212 467
136 4705 104
6880 2791 978
2666 3149 276
5805 1420 102
126 3816 408
1590 59 179
2992 6501 758
6427 5372 455
7011 4503 245
2677 2021 972
5819 642 28
372 4632 552
6653 1622 578
7224 260 898
3296 7309 407
642 1250 270
2498 1674 345
2316 4950 383
159 2513 210
6795 5726 861
5737 3781 895
2775 3715 324
6147 3568 749
1305 7170 910
3339 885 248
2072 1611 738
2598 2478 860
3720 5096 225
5495 821 3
4838 1967 660
932 2501 23
1545 395 436
1459 127 181
1897 532 21
3949 2976 828
1338 5229 523
4343 3322 956
6457 756 871
1720 5818 650
1936 5805 721
60 6428 187
2923 2786 196
3342 172 293
6303 1883 510
6092 798 569
6512 2652 229
214 7117 635
3060 3301 473
7106 6860 999
2236 4477 253
4971 4727 899
5733 163 565
1551 4746 665
4057 456 63
3853 2472 258
1696 1023 775
6502 3911 278
4137 6559 37
7188 3292 426
1958 6785 398
3406 1198 761
1639 1182 571
3371 2525 795
5857 1690 240
3873 5583 549
6260 3233 634
5905 4541 319
1530 4061 297
1414 6478 667
6672 478 321
255 7089 189
3749 1373 385
3553 587 101
572 7139 22
227 3797 473
6071 4446 505
3665 6939 550
2725 5701 666
2937 6583 651
693 2778 161
4254 3888 929
1983 552 673
1327 1521 508
4950 4756 726
3486 2758 367
4400 5234 594
5950 6251 669
1826 7086 518
2641 5868 906
4169 1526 809
5513 2405 993
2287 4877 656
3643 6020 433
3360 6507 920
4771 795 748
3016 2772 839
7071 6531 391
6738 6634 949
5759 1341 997
2144 1531 577
5020 5399 248
1612 4986 932
3469 2080 175
914 308 719
2883 1784 513
6613 1875 10
2183 6925 868
3949 5605 571
6660 7047 11
7309 3769 938
130 2449 107
1629 4188 471
172 4949 801
7299 288 439
7245 1178 600
7229 446 196
6869 6425 212
1693 2112 790
1487 107 92
5980 7078 500
3565 7259 51
4884 4917 634
2955 2567 212
1254 321 772
6847 3882 253
4296 3043 507
5083 1516 9
1078 6517 890
1859 2849 432
2399 893 113
1815 4963 842
459 2870 927
2249 3449 951
792 4759 486
201 5662 258
2720 45 172
1209 3141 12
5925 842 782
1429 3840 566
778 1943 961
2364 3861 797
1590 3419 691
2856 5994 488
2463 2186 631
5395 5960 424
713 2334 478
4853 1920 91
2444 613 364
7459 4762 624
1056 5658 609
4738 2438 349
1100 4775 215
5739 6038 130
4718 2918 91
3138 4791 85
1196 3927 37
4008 4369 44
3313 2965 703
1352 6895 343
4328 2165 966
4497 1635 595
3953 6143 68
3769 1423 862
1496 1920 240
2003 2490 267
4553 6145 390
3418 2184 183
4457 6037 474
1075 5158 136
1579 3814 51
6905 2035 148
369 4527 608
5659 5865 840
6061 5894 238
1985 109 632
2166 2626 464
2582 4697 673
3242 7099 436
2744 6885 959
4748 976 64
6774 2555 568
5192 5273 867
940 5391 114
7064 1634 116
2734 2870 426
7123 5874 978
3796 5695 779
3802 5584 271
911 5186 392
6581 5665 804
6148 513 748
6715 6694 284
2943 3292 313
4551 4806 529
881 4030 438
5649 1318 531
1741 2922 89
777 1710 781
2470 3330 259
1426 7365 478
3049 5234 64
6132 4685 763
1382 2518 535
1519 3518 964
3428 4570 108
7022 448 984
5233 2686 79
6538 5218 300
4612 615 542
7039 2188 699
1311 2630 932
7284 2233 13
1127 4620 141
298 2719 259
4185 4013 212
7482 6149 599
472 4571 178
4342 6454 142
2921 5876 430
4609 6973 673
98 2579 917
7426 1642 908
1363 5087 480
7427 2753 883
4069 5069 550
1640 371 528
418 7158 845
4324 5172 18
3349 2899 378
6784 1645 900
5519 1364 519
868 2153 890
6460 1218 375
4225 3916 423
4148 6087 171
2236 1177 388
2554 800 318
4607 4604 589
1799 6779 19
2072 754 346
1246 5588 99
4054 4724 563
5593 2870 969
6905 2054 443
2124 3790 886
4184 4729 951
4580 5119 876
1815 3313 117
6382 2231 913
6093 5315 109
5526 5190 678
6721 5072 698
6847 3590 298
1525 6495 290
5249 4004 796
3236 2680 388
578 819 76
5399 5824 333
5253 2333 559
1351 1308 375
4771 1376 154
4061 3103 863
938 4184 217
2818 6307 802
6106 6274 32
636 6442 730
4369 3198 903
871 589 209
3340 2242 231
288 6011 12
7376 2075 179
4766 4478 424
6381 3416 857
5000 6613 283
1930 3114 577
5932 2356 404
5280 3852 17
888 564 274
2027 4384 769
5610 7285 871
448 6763 12
6017 670 14
6424 6946 73
3611 3291 150
2189 6183 757
6442 6558 844
4277 4492 88
1656 3790 216
422 5746 61
4958 5676 393
5996 6307 181
898 3154 871
4439 3420 107
7366 5100 467
5124 1909 785
1176 5687 182
5837 938 972
1396 2221 767
3245 6863 973
4502 6129 392
7406 6293 124
4635 1267 693
4008 5532 540
724 855 190
116 2701 910
3280 3255 231
6530 2290 413
7318 1065 842
2293 1860 822
2391 3630 910
2977 969 671
3706 1195 927
1128 3065 850
1801 1220 743
5976 2224 165
7008 1210 78
4654 4599 896
4160 4430 14
2205 7144 662
5265 7194 567
5514 6270 822
4481 6817 706
2344 6496 955
4008 7495 287
7065 2168 371
2614 3160 377
2571 2846 322
1709 1391 268
5021 6059 22
6703 7012 538
5870 2152 170
1216 4798 999
1378 6674 370
942 7125 553
987 1631 251
4534 6244 137
4481 6780 433
4761 4193 838
3771 4999 383
3394 4582 676
1955 4776 867
7282 1015 859
4342 5174 391
1811 2335 893
4041 7036 632
6323 6891 120
1542 955 543
2155 824 391
3877 2458 156
6238 5095 950
5341 5621 580
5111 225 481
6934 4527 433
1756 3169 922
7396 4086 991
1546 2278 105
1076 6726 687
4196 965 569
4870 2270 587
5803 4161 533
5767 1281 397
5364 6942 56
3309 839 807
3187 1923 375
7078 2707 434
3188 694 361
6184 810 446
1344 7103 558
4706 5389 199
5140 2735 220
4956 1923 104
215 2914 561
4300 2682 834
4568 5422 901
7049 5312 623
425 3550 663
926 2286 601
2167 2850 990
1471 5051 207
3576 3998 364
6931 5839 732
4375 1494 178
3367 6842 604
5597 5823 589
7481 2191 232
1428 4668 24
5792 2449 160
4597 1719 179
5535 2855 747
1524 929 928
2197 4520 510
5341 5832 421
2327 7383 813
1946 6883 42
3184 2186 822
2998 3200 186
5313 3171 647
697 2983 746
2404 6631 122
6121 7353 75
4224 6483 649
7064 819 212
1510 7398 198
7355 4586 836
5999 1834 467
5527 4638 349
1853 6914 378
305 1930 120
42 760 226
3431 4286 244
5404 5909 82
3061 7116 124
4148 5008 306
7477 216 2
3314 3815 708
2028 5084 296
6131 4224 691
2308 459 709
7439 1573 413
6320 2535 877
96 584 323
3496 6743 369
7030 7116 29
3357 879 406
2592 6931 174
5439 4304 326
268 993 595
6417 5322 29
2948 4582 835
3562 7301 836
2567 3166 632
4165 893 442
3900 3240 155
3781 33 737
1703 2119 202
2668 448 963
5969 6008 863
2839 4420 228
4873 2654 344
6031 1368 161
3191 2942 790
4458 3833 298
802 888 452
1181 1965 791
585 3740 874
4596 784 872
5361 1911 261
1321 6323 864
1085 4925 980
1800 6634 519
2210 6933 727
940 3685 728
5902 6708 326
558 4954 986
2163 7113 616
7465 237 700
4181 1156 679
4281 2873 304
3148 5970 831
1665 1484 450
7009 3465 754
6985 1658 243
3453 3839 681
3513 398 476
494 2164 230
4890 5331 855
708 305 989
2486 4623 62
5986 899 566
430 6931 17
1792 119 751
2996 3085 92
1501 4176 701
5557 1454 64
5808 2605 524
1033 1883 767
829 4011 881
6777 5348 806
5008 4534 648
663 6990 237
4189 3721 780
5083 3254 348
4114 1009 702
6793 648 636
2281 2145 494
2454 3767 954
5420 3548 356
4331 5585 187
5945 5051 476
3433 3391 631
6367 393 802
3907 6628 781
1340 5530 450
3722 710 779
5159 1168 902
5790 4357 961
3269 7400 650
2505 3611 15
505 5609 234
413 5877 134
2278 965 280
2319 5240 3
6856 2444 688
2782 7227 735
4117 4523 466
2551 6500 187
4596 5153 288
7059 5050 483
7077 4941 587
3852 5404 829
1007 1888 820
3246 19 227
4146 2272 133
7220 4287 346
1857 5493 887
5965 7435 128
5349 6038 592
7025 4686 327
5284 4945 825
6796 6453 948
3462 2351 932
3728 1839 72
3494 5818 607
5939 5500 950
552 6907 850
3403 2367 719
2202 663 603
1058 2352 663
4944 3012 170
2126 7387 617
3707 5010 995
933 6203 258
4089 1259 899
1790 810 851
5178 5526 661
5089 3389 520
2228 5894 439
1298 5333 345
941 4017 671
2191 5018 254
4344 6675 637
594 6847 236
220 2351 421
4322 3078 11
5001 4935 933
2779 2581 684
1280 5575 406
103 3139 20
2914 2331 79
1642 3636 14
4589 7466 705
1165 227 865
7161 281 172
7097 3132 206
6248 3896 55
6502 3281 409
4424 5929 945
5787 13 457
6494 490 86
2362 6128 481
6923 4749 619
3617 2559 452
2547 409 159
1259 1561 322
349 6164 905
1656 2577 482
3846 3009 436
5346 4855 770
3631 3444 109
2303 5481 966
6882 5920 948
5089 260 851
3757 3632 552
7066 315 783
4547 3010 288
5929 3085 642
5413 6379 471
3506 4838 444
210 7051 128
3751 5910 892
1276 4905 659
5391 6795 148
1289 1066 761
6250 107 688
2445 2620 406
2161 4809 546
5824 5894 41
1754 4186 799
4666 1765 259
4860 6241 746
4339 594 880
4012 6490 487
5417 2658 514
5987 1294 23
1468 1463 243
6066 5680 179
6153 5812 321
157 6629 980
5448 7200 748
3542 3807 996
1081 347 355
5336 5874 51
3549 3817 494
6854 5004 34
695 4927 947
1739 2454 804
4842 1486 680
2425 1959 211
1903 1857 245
1316 6204 358
4164 767 184
1320 7458 901
2524 6497 368
5052 2658 630
3358 1121 582
5345 6554 773
1396 205 202
7374 5930 379
6857 3636 180
3614 6529 434
2292 7079 176
539 6181 987
733 4483 562
5855 4516 93
1919 3607 476
1931 92 338
4115 404 3
609 1947 216
7293 2984 634
5451 1301 992
2007 3346 998
6566 104 679
2043 4320 624
3392 4396 880
3897 5347 443
105 4883 454
4169 6067 115
4726 5980 518
2827 2759 670
1387 4816 537
4566 6139 86
6915 2150 859
1187 2836 628
1733 3159 975
3599 1413 946
3812 700 473
890 4354 245
3255 4842 646
4920 6845 192
6815 4100 196
6090 3129 884
178 2478 829
1265 3363 593
2634 74 199
6476 4285 464
4841 6451 466
6442 2245 113
4785 3078 155
5300 3074 933
6069 3471 507
3897 7083 610
6445 7082 818
1073 2049 655
5758 5660 246
1262 3660 505
5330 2219 40
6905 7122 116
4509 5360 893
4506 7104 721
4305 3868 20
3778 5513 850
6448 868 768
6135 1073 834
907 4056 736
5757 5372 576
7122 1030 638
2071 4012 266
3570 7331 563
5501 4404 943
6537 2671 314
5995 6675 806
4967 4089 342
4819 4582 745
1717 1801 158
1870 2996 889
4201 5539 684
5095 6795 697
4364 5347 742
2251 1112 418
85 1418 808
1152 2906 245
5168 349 680
2425 110 447
4721 6280 458
2163 32 626
5714 2654 342
5805 1260 120
1803 4228 869
3956 4276 473
1765 4391 376
3432 3627 228
216 5387 621
2221 7133 556
183 3389 956
3182 5411 847
29 2622 460
1587 1398 236
1183 866 629
6095 6442 437
2465 380 577
4066 7131 843
5886 1331 528
2978 504 638
813 4358 870
5481 6470 927
3745 993 986
2916 4334 350
5665 6928 582
7012 597 975
6323 7458 381
718 4192 334
3045 453 948
31 7124 506
4078 6430 276
2795 5707 164
3412 1564 550
2093 6351 277
2055 3602 2
6114 6136 980
6202 320 42
100 5321 173
4752 5240 84
2898 610 636
5125 6490 460
5842 1802 726
6260 1862 947
7497 3565 208
2224 5363 652
2282 6188 962
1430 4758 202
4534 2714 286
7021 5735 125
974 4905 833
2244 6540 493
1418 1758 533
5461 2514 752
6461 2744 564
5153 6713 780
1551 7160 24
2812 1760 806
3117 4919 604
594 901 832
6416 1843 148
727 2581 61
6124 7467 407
4604 6958 238
1310 6507 556
5541 3391 758
9 5341 16
3940 4089 246
6256 2911 309
1097 4595 806
3761 4442 358
5896 5965 68
431 7153 349
7201 1821 644
4498 5803 650
6924 6035 780
3185 5792 4
4491 4107 911
3126 3679 634
1189 2497 618
5733 1876 29
2828 6285 95
5380 3998 653
368 4469 135
4705 2895 323
1851 3805 340
6378 2892 512
2785 415 585
4483 4159 834
3079 7019 319
263 4381 269
1893 5703 297
6570 6455 462
1236 1954 209
4178 3875 381
6440 3010 283
5848 1911 227
165 7388 488
4848 4790 702
1665 2312 354
3259 7342 71
6409 6678 749
4889 4457 144
3113 2165 969
1695 4552 110
2826 288 987
4650 6073 419
4495 5187 647
1792 7107 514
7484 3326 492
1728 5796 187
4710 4563 350
1150 6283 663
6679 2580 808
5216 5083 978
2900 1159 945
1888 5094 891
3194 5855 165
2737 3402 54
2340 5484 576
1167 2881 965
4887 1551 548
944 3610 350
1409 181 778
1201 1350 556
2532 1931 803
6565 1453 557
4141 3263 653
6699 1805 36
2564 443 610
3894 6611 668
6670 3338 577
2723 5476 295
1076 449 154
3390 3665 422
6768 3253 38
3814 4521 279
4684 5882 764
3091 2469 796
1576 3430 54
2147 5857 327
3318 529 590
5835 3213 55
4944 3141 130
5400 1368 237
4991 3072 601
2375 6189 350
492 4896 486
2502 1031 475
2895 4683 509
4060 3138 875
4979 4284 287
237 4722 146
7080 833 334
3244 4609 628
2598 2072 807
2571 6322 280
730 6947 873
6105 4814 172
3430 5117 452
3188 803 315
164 2859 338
4153 1708 273
6274 3486 345
6429 7055 497
7369 573 648
671 380 424
4739 6498 557
7121 1753 19
3271 7229 513
6890 5818 793
4466 3859 107
244 6315 759
951 6550 922
3598 5100 27
2523 3516 363
4769 1846 951
2179 7305 524
827 1765 76
1733 2791 498
1657 1984 236
5354 2368 968
1313 5617 102
3906 3399 751
7170 3178 938
6260 660 274
5915 856 617
536 3426 327
1890 126 876
6574 1374 811
5175 3916 660
6698 1535 741
6940 1775 918
1777 7314 878
1321 3415 179
4987 2528 62
3337 3952 555
288 971 107
5600 5964 595
4742 2678 812
6760 674 158
4704 3702 767
2637 3800 450
3359 4747 664
6416 243 899
1940 5553 255
6909 3981 692
465 3168 683
4905 1210 305
3490 4342 637
7294 6567 442
4705 1652 401
7151 6438 770
4117 5371 696
4280 5894 880
5318 6122 403
1769 4979 108
682 7180 327
2033 4876 810
798 2054 920
4147 2202 509
1993 1322 779
2720 1764 215
5111 6570 324
880 2684 526
5871 76 39
5909 2148 183
2186 4238 525
6536 3082 463
5 1009 836
559 907 753
4964 750 895
5379 548 914
1260 7273 932
7298 1018 245
3507 2530 944
5024 1672 61
5405 2992 468
1208 668 688
6784 6694 843
7051 5065 267
3353 6980 744
6448 5071 836
3677 5487 919
7214 780 6
3919 5110 155
7336 3257 496
1416 3972 133
2888 6379 826
2728 3736 177
474 5781 432
2522 5004 339
5388 1714 359
2685 3224 294
500 53 103
1451 2190 776
6341 377 531
6933 5476 336
66 1200 296
3703 1035 651
1595 358 32
3814 3246 92
5371 2701 402
79 2808 975
6025 1022 285
7370 6449 343
4547 6270 797
6934 281 724
2839 2094 994
5631 469 189
4227 4786 197
5057 2236 972
1927 5931 500
6292 1349 80
6197 6837 75
180 6451 132
6669 731 92
2418 4667 142
6031 2035 444
1257 2568 774
619 5893 793
5197 493 478
2948 2480 822
1200 1860 721
4842 7487 783
6750 7063 427
4324 5375 900
2068 5807 223
6219 734 222
6774 6861 251
3795 3882 608
4199 1159 439
6996 444 610
2663 5222 237
1752 3606 742
486 4781 825
7061 4389 151
7408 923 158
2573 5473 57
6214 5928 313
4765 5701 824
5560 2639 333
398 1749 665
5677 4972 660
4418 4711 893
5119 2426 749
7190 3795 819
550 5094 712
993 6858 794
5013 411 525
1725 2980 996
3534 2388 626
6256 121 677
2787 3565 645
7280 6280 658
6804 4349 87
183 910 223
5478 4012 720
3875 4056 0
2000 6384 320
6343 3048 336
5217 3968 395
5709 737 762
5538 2473 97
4382 4278 93
2859 6844 658
2420 3338 997
3544 1742 749
4400 3113 51
2215 5771 442
1163 4838 394
2145 456 213
5387 6853 504
5899 1916 50
5585 6438 369
3070 1418 402
2303 6621 962
5917 1008 374
7358 5935 948
1589 4526 833
6530 5659 648
796 6672 633
1256 7411 280
4900 5464 343
5188 2992 818
5507 2641 552
952 3047 356
6548 267 375
1238 5248 222
4500 4618 351
4080 4131 838
3369 4360 339
3123 6095 602
617 7162 556
6909 1530 729
3104 2680 106
55 4614 395
5186 1635 7
3674 2065 154
7065 6319 526
6467 3882 657
6958 4425 202
502 4431 367
2098 5242 370
6053 4528 514
4573 3650 735
872 4668 526
700 1433 664
626 5334 284
2157 2804 711
201 3824 653
6216 1317 374
2749 1306 589
4571 1452 244
579 1648 766
4379 7019 221
2230 3253 363
1089 6754 454
404 5499 522
1323 5854 866
6293 1269 580
789 1443 431
961 373 661
6027 5044 277
1566 6239 358
3305 3935 480
3661 1156 317
3155 6886 570
1963 3408 793
2004 2390 647
239 2484 98
6490 5557 7
5346 743 815
2922 5908 216
534 3077 270
5632 1986 945
7270 6710 207
6866 2419 486
2045 2672 508
4768 242 858
3340 5331 265
3747 2345 900
2081 2468 237
3991 7172 4
691 571 326
5809 1709 614
3948 2952 541
6341 2436 918
705 2674 65
3147 2258 265
5550 6726 250
7177 2813 227
4119 3875 93
4462 3017 351
4030 6005 511
3241 407 499
3628 4949 60
4165 4532 391
1209 4173 391
6569 5985 352
4916 3207 78
5626 7278 664
3199 1225 619
4564 1767 549
4384 2185 742
58 5183 41
2801 60 529
7339 2267 483
7338 5515 544
3616 7472 245
5657 7340 54
3611 3924 341
6253 4733 146
4635 1634 453
3399 3598 170
7 6572 777
7439 4660 813
3581 7069 432
4004 5115 539
3592 4788 629
5211 6984 818
2129 4098 833
6164 1743 971
2971 5628 981
2479 4249 674
121 3088 84
2216 3127 485
392 4481 884
3387 171 213
5122 7247 200
4206 866 657
1981 1390 196
1041 7209 932
4029 7189 898
2473 4597 633
7125 6351 294
5560 553 212
1527 1655 291
2912 739 967
5368 2114 743
1415 4168 23
2231 5779 882
2835 7395 308
5615 4285 693
7486 2109 611
6478 601 456
3607 1244 905
6105 1768 733
2776 2301 794
3400 4279 333
2539 2696 173
1171 7341 870
119 5751 757
527 4380 131
2496 2978 968
5373 4059 870
1422 640 235
6962 2423 55
2068 3769 34
3954 2587 86
2446 4534 673
2728 495 427
2958 7084 707
6692 489 930
2997 4072 816
6399 7440 930
4586 6684 412
1404 1301 937
5475 1753 16
3213 3901 408
3461 6802 467
4210 4491 1
2844 7194 545
2517 917 269
5194 5505 316
2165 4187 258
4527 6255 400
6866 5416 562
953 5407 871
4324 4786 121
1099 6924 797
4622 3574 711
725 7063 906
4168 1497 903
6772 509 230
1630 5494 931
5472 3711 104
3696 6847 436
1258 1284 991
1157 5977 263
2661 6270 83
2406 3302 810
5672 4448 239
3943 1165 623
3001 5273 907
2562 1187 842
1209 7321 847
550 338 436
7436 3824 765
357 7454 701
4465 986 153
4094 1097 727
1854 4483 97
6498 5021 949
2625 5239 890
2221 4623 929
2008 7218 755
4322 319 491
192 4361 673
4646 2070 149
6919 6433 900
219 4218 317
3073 3608 94
1070 1943 537
5842 2960 595
4599 2995 887
2103 2642 391
1282 4595 40
987 5677 800
2538 4553 99
1553 5694 223
387 5621 708
1195 782 319
2880 3577 498
6973 5647 355
3228 2111 75
738 3943 179
4497 1440 528
5219 2300 658
6281 1918 167
4863 1746 334
3936 5558 44
6467 1506 170
7484 2947 258
7217 895 636
3848 5365 195
3789 3579 400
4676 5671 833
6615 1816 614
1348 166 216
4014 2231 518
4162 1613 748
3311 2708 196
1564 3335 475
1473 3337 363
4830 5645 620
3646 7022 678
1314 4443 947
1241 6363 301
747 1798 353
7319 904 586
2135 5170 790
1872 1016 964
6599 5675 730
3387 2008 516
2494 2414 62
6416 2408 740
2417 3484 714
7152 4081 590
1049 632 315
2522 295 333
2318 2037 172
6096 4626 634
3485 2485 893
921 7350 356
6383 6711 875
4651 4918 838
1459 2106 471
1354 3912 840
5060 2705 415
1686 5830 180
7373 3567 383
4641 4860 329
444 1791 393
6741 5123 312
4652 3494 914
2687 417 158
2369 4324 680
5404 4989 240
3349 962 232
1810 4757 862
1753 2791 571
4468 7286 805
3325 1547 55
7458 5311 776
4377 3063 526
1172 1306 980
1704 4742 411
237 498 512
7309 2208 742
1244 3047 545
5448 3285 981
1831 7058 267
3971 5775 510
2561 3506 776
1896 5428 625
6048 4867 892
1092 2180 891
2345 1894 294
1699 6446 388
1975 2672 921
