800
400
435 435 776
77 559 671
122 201 99
212 714 18
581 286 710
786 435 876
430 222 988
471 695 576
139 282 920
734 64 865
220 14 429
50 651 275
573 70 495
766 299 620
779 725 125
76 386 791
213 14 446
776 455 735
640 335 854
480 747 446
519 585 263
164 789 45
268 244 512
395 720 713
364 768 729
507 19 516
93 204 100
721 405 231
47 518 457
467 152 740
497 649 553
71 650 519
355 80 996
346 261 566
445 546 32
190 329 929
260 378 888
447 694 549
291 747 108
18 603 354
176 471 398
569 684 520
43 408 688
781 716 615
506 283 655
175 496 750
387 423 409
742 338 719
357 390 550
499 716 758
453 379 329
513 524 880
187 596 684
466 269 120
129 117 249
244 654 654
405 66 379
371 319 145
620 167 977
705 715 705
188 384 158
188 257 355
775 563 779
63 187 474
233 727 392
144 91 433
254 582 423
157 708 440
272 791 298
214 649 404
627 186 77
188 319 184
702 487 794
189 432 18
420 575 633
159 316 438
394 97 211
293 102 860
484 799 903
111 248 351
789 552 70
760 685 49
608 19 650
753 713 114
527 797 84
637 749 487
179 559 138
50 587 632
272 762 24
712 197 216
585 444 406
373 283 961
220 58 474
420 358 647
647 651 679
347 782 707
342 557 295
333 485 766
512 388 270
420 528 408
233 12 961
691 265 559
489 392 599
567 491 542
591 591 357
91 450 805
209 422 438
564 347 893
559 571 633
764 216 322
154 77 523
318 426 93
380 91 308
395 429 797
331 382 781
713 448 456
612 67 123
759 307 352
651 488 721
359 777 869
764 450 208
520 456 356
239 115 464
529 718 599
307 328 291
270 726 923
360 252 943
422 393 664
536 649 917
546 11 341
510 307 201
287 248 475
524 473 845
738 666 578
206 370 285
92 617 689
297 72 135
516 489 659
424 397 314
243 734 210
738 461 155
100 777 932
152 79 181
485 497 380
146 372 602
654 495 832
571 633 561
500 118 172
270 22 666
148 548 14
273 114 211
606 597 956
494 135 280
3 348 469
715 386 849
376 423 712
674 638 846
133 409 142
1 591 792
534 238 641
628 431 778
168 180 233
582 22 313
673 122 259
315 48 198
44 567 951
225 610 511
59 6 279
428 690 515
554 274 388
700 336 961
4 3 920
717 799 776
705 385 358
504 550 101
414 685 997
11 614 515
73 679 722
664 590 680
628 627 317
683 382 287
497 555 800
200 441 700
375 614 591
509 362 370
669 45 614
124 153 113
107 134 661
8 605 591
270 700 12
153 10 51
278 459 96
677 733 284
188 202 916
692 213 844
506 280 352
502 472 538
185 179 443
132 550 286
406 277 457
278 366 68
229 25 519
65 34 128
380 83 623
376 493 714
25 542 456
94 63 177
407 684 337
515 403 414
512 522 455
747 469 982
644 676 892
115 687 4
136 488 750
650 799 902
727 413 988
117 545 839
98 786 695
340 153 194
512 532 181
27 340 6
781 684 677
620 351 230
604 522 664
26 654 761
366 604 417
251 232 430
708 94 796
750 736 166
58 771 768
608 174 314
490 748 64
79 137 248
82 175 613
759 187 121
682 127 342
383 440 474
438 359 810
159 538 547
769 250 863
138 183 109
171 340 103
108 759 101
656 408 496
1 298 996
203 372 372
41 216 523
26 40 968
37 493 239
390 260 725
163 178 418
428 372 998
118 95 640
528 355 111
73 574 277
147 391 549
173 142 774
363 592 439
784 545 574
275 337 176
395 149 224
269 160 395
120 418 507
192 622 33
12 538 977
714 426 610
459 433 380
171 1 784
300 75 419
180 39 250
756 785 399
378 738 108
218 33 955
755 594 592
634 187 16
279 21 616
363 730 832
185 780 33
268 624 918
187 351 588
728 58 869
550 19 306
551 540 329
269 466 303
689 524 508
766 609 451
488 165 877
747 576 615
306 367 640
459 30 396
246 579 490
572 521 944
416 392 527
490 753 694
277 47 557
428 711 843
618 450 995
658 439 693
422 100 762
111 415 568
546 531 603
791 62 729
223 708 613
29 753 347
242 202 64
290 279 957
525 341 269
509 221 919
701 347 862
706 250 752
102 406 391
565 642 350
762 636 787
667 74 736
320 219 611
112 664 853
700 223 877
254 731 720
212 639 429
618 302 778
603 245 333
741 336 71
163 292 628
782 82 909
683 296 107
652 441 432
22 160 810
776 233 441
525 263 870
645 698 180
518 84 35
323 520 730
784 298 646
470 661 906
314 760 578
759 368 70
799 166 934
530 622 17
674 57 654
450 798 87
2 416 131
436 205 816
232 764 828
511 715 581
146 180 486
325 222 223
339 492 315
720 762 945
485 152 934
428 123 530
653 70 42
633 491 929
650 114 794
336 786 574
622 227 905
612 8 235
528 205 697
754 748 21
700 93 350
697 785 245
547 582 886
523 598 389
251 694 424
787 605 667
9 383 211
232 664 387
119 29 840
608 180 273
115 111 764
366 311 598
729 150 12
188 56 740
313 377 918
549 350 738
609 589 888
698 375 656
700 715 964
252 704 470
398 269 405
469 647 781
709 794 366
373 653 390
54 92 466
275 611 833
726 652 24
621 516 935
265 334 297
489 471 780
549 147 953
318 650 515
160 166 536
405 76 110
655 777 720
268 482 403
427 570 758
178 209 742
35 551 345
15 470 843
343 385 310
718 456 85
