800
400
580 474 609
669 598 126
265 697 636
532 369 158
671 360 952
132 538 54
376 84 559
120 135 503
551 559 751
373 285 957
103 505 930
153 393 137
400 166 747
285 216 28
140 283 889
23 59 568
374 139 980
436 176 263
678 569 91
771 243 324
711 275 457
426 602 100
210 431 361
681 411 154
276 747 420
360 80 37
184 372 616
501 758 745
557 659 358
541 639 55
368 706 181
96 648 248
337 388 822
460 718 823
766 125 966
555 659 471
56 731 558
98 688 424
109 681 717
228 205 85
720 364 201
282 374 43
392 351 798
376 495 206
637 213 75
544 333 417
603 330 387
637 534 452
657 314 727
639 505 158
448 627 935
131 259 99
782 206 253
329 328 456
224 214 133
127 767 135
102 604 167
56 89 187
743 301 470
301 607 654
770 78 156
76 707 315
443 31 769
765 525 788
688 407 565
596 773 682
787 580 607
703 386 35
467 535 818
51 440 336
167 321 536
113 145 319
753 25 159
210 650 683
53 390 393
145 213 696
366 32 911
768 440 637
110 160 823
778 534 670
118 754 395
351 419 921
367 555 657
354 509 896
219 695 472
450 706 920
55 360 213
764 281 216
208 545 249
135 297 515
94 177 741
341 751 736
709 717 746
585 749 856
397 248 305
411 442 461
199 574 401
186 294 727
677 738 383
421 134 36
679 46 887
290 131 861
546 298 220
252 722 498
717 317 11
86 295 136
633 498 226
633 735 946
165 100 759
192 713 525
190 449 840
550 106 787
454 311 412
639 256 340
645 82 160
705 437 184
663 197 894
444 134 174
428 87 166
458 288 628
64 46 678
245 543 941
620 393 668
245 46 371
638 582 191
4 22 984
317 215 926
33 129 333
688 486 799
793 621 657
175 596 613
445 274 33
397 39 400
488 772 676
645 674 861
488 437 746
22 360 610
138 154 478
585 477 85
626 347 218
596 515 780
391 393 842
74 592 489
685 775 89
185 762 403
175 724 262
272 373 579
266 306 59
12 303 494
302 656 58
78 478 52
151 26 947
326 727 521
702 384 471
660 274 788
345 67 419
593 738 407
788 533 319
586 346 469
555 26 206
471 585 137
348 682 402
590 317 765
388 24 238
135 567 698
735 35 667
331 515 602
261 168 945
534 440 53
347 230 266
600 7 139
225 777 454
560 753 966
351 162 954
20 670 165
436 669 801
477 100 143
337 624 551
379 147 188
687 341 210
95 313 589
335 157 671
31 792 513
336 386 368
638 514 582
441 335 441
295 352 339
781 526 259
316 376 662
555 230 234
113 766 405
21 194 674
752 658 282
54 766 459
380 88 528
321 0 390
696 775 578
549 544 810
756 355 237
101 795 691
391 175 315
232 371 524
733 764 550
481 767 453
62 671 20
261 716 592
776 358 286
277 564 978
444 7 4
566 119 72
250 84 138
555 214 622
320 329 84
519 764 831
15 78 134
63 106 645
276 748 217
443 546 616
104 592 477
391 91 11
408 167 790
781 452 447
114 711 383
738 444 168
488 503 395
752 465 902
736 664 265
359 255 274
436 487 492
107 773 184
192 538 182
527 693 119
152 129 993
506 31 168
338 609 329
318 272 3
258 756 306
335 292 718
218 444 419
78 360 70
361 551 149
258 511 330
50 320 542
472 91 275
255 465 745
732 450 702
180 777 271
242 157 319
797 642 69
594 774 770
378 0 699
434 257 541
461 259 775
685 451 198
52 143 168
413 51 990
764 797 284
131 684 232
255 775 960
5 323 380
790 93 470
699 338 146
799 588 417
492 338 50
3 159 495
763 643 908
629 337 164
60 266 214
396 572 210
730 325 127
151 463 711
121 64 209
714 145 955
40 712 331
460 386 973
424 732 134
73 524 839
366 244 707
196 495 778
52 416 776
267 761 637
68 213 969
440 273 647
106 222 737
559 690 98
123 563 750
696 552 497
274 60 315
588 82 425
595 1 889
772 664 882
456 214 352
110 76 815
761 293 490
568 344 858
727 350 880
233 125 974
391 214 321
441 289 537
603 259 513
279 472 958
522 304 955
568 493 257
197 412 909
530 191 440
513 405 582
339 565 323
57 221 566
296 788 507
754 373 768
239 451 357
707 216 885
733 787 10
25 746 987
691 76 789
83 733 703
481 87 277
676 136 702
423 193 442
511 26 718
355 549 431
168 772 737
430 226 261
780 473 939
362 96 392
277 78 176
761 548 397
98 65 632
166 192 782
574 591 998
325 162 111
313 686 331
456 385 394
512 331 435
686 434 687
449 178 761
566 624 1
259 680 397
471 130 824
133 655 83
180 764 67
618 442 527
589 78 345
347 413 904
633 357 779
320 340 249
659 267 638
345 743 322
296 32 147
238 546 892
304 503 945
771 348 467
128 387 667
121 160 261
754 684 214
158 532 740
659 596 636
624 116 777
111 478 427
76 139 149
331 186 98
512 250 602
208 179 482
501 539 264
487 496 205
25 272 496
75 454 337
503 489 139
561 434 841
353 749 5
380 719 257
737 69 850
522 195 535
791 437 385
772 464 824
552 452 673
635 386 429
651 242 673
219 141 725
345 330 94
90 571 618
785 466 624
641 348 578
40 44 451
754 778 198
772 603 477
529 658 254
725 238 370
177 469 997
144 69 784
374 767 315
522 638 296
10 391 247
410 165 698
699 376 940
373 623 445
767 27 417
323 688 18
577 51 359
517 115 406
